1551
179030 6
370371 10
172533 10
719782 15
620094 8
813808 5
253987 8
858039 13
637087 8
143695 2
51740 12
205416 14
307191 4
872837 3
381346 7
726119 16
181617 7
655252 6
239511 14
553409 1
821928 10
549958 12
895662 7
150102 6
800564 7
786443 16
244002 5
839836 3
701759 9
919117 4
459904 7
791369 3
669634 4
85828 1
962901 13
879978 11
689063 9
409235 8
932318 6
475379 7
576544 9
897939 8
100249 8
194326 10
263934 8
94443 14
782612 11
220243 8
187398 6
293317 14
831331 4
603816 7
943558 7
375214 6
611690 14
457778 15
738801 11
710133 1
613162 6
655331 11
94037 3
443261 5
776102 15
660574 8
821403 13
560355 15
361904 4
80843 2
572380 10
395488 7
596702 1
806943 10
140515 4
214354 11
72135 14
222767 4
894118 5
904587 10
591217 13
811408 7
240951 6
98517 5
205656 12
680302 7
9771 1
834670 3
378353 7
740172 6
366656 10
877655 13
721471 16
119840 10
673991 7
468350 12
237815 16
509511 7
747641 6
61944 16
126272 4
452465 11
741975 11
374830 2
655567 2
208739 8
778045 6
718061 8
788500 1
846722 5
585759 6
712541 15
310791 8
783577 1
685614 1
411759 5
292050 13
773454 13
863345 3
556869 11
371736 3
625550 5
928665 10
243248 13
838538 12
315390 7
103532 2
555821 4
683897 5
715959 2
306496 4
803625 16
25046 16
755712 14
400283 12
13366 16
771004 15
169695 14
386246 2
837623 3
630732 3
75330 7
862056 14
523865 5
256101 13
676681 13
766065 8
953802 16
385000 1
159185 2
267855 11
490670 4
201668 14
698813 16
919370 13
173312 13
668137 11
944902 3
823719 15
200277 10
32346 4
779222 1
395853 8
412974 14
518860 2
459163 5
603320 13
901452 4
388410 10
938681 13
962485 9
535330 12
431507 14
860433 11
71739 14
704446 1
595216 14
238430 6
746025 15
218939 13
18981 1
172335 5
227016 1
841674 10
855596 16
732066 7
647424 12
76712 2
987044 4
723694 7
490883 7
381400 6
311267 11
538694 9
366482 1
578369 15
415150 10
409787 16
774708 11
497075 7
92172 10
943024 11
517247 3
114023 1
461366 12
758152 7
975452 11
835875 13
241042 10
963158 10
583986 5
52658 14
70574 14
380101 3
505656 4
555528 2
944679 8
897263 1
64387 3
666504 2
367412 3
194510 8
987257 6
9848 15
90015 3
458431 8
560803 10
173764 10
981212 6
703032 14
911654 1
815143 8
761985 10
391255 3
337877 8
321896 5
792395 3
709082 11
602658 5
45785 7
344738 4
53848 7
500728 15
657777 5
241117 7
33552 7
938188 14
147166 12
118080 16
491219 15
766096 14
957957 10
811350 16
6146 10
188466 14
392221 5
286256 2
366799 15
917628 2
861356 15
815438 12
685819 9
583031 12
383154 3
322606 14
198463 5
675514 11
152032 7
776080 3
469538 15
312172 10
741156 8
34236 16
414117 5
800939 2
64765 1
692827 5
762393 7
7562 15
134161 5
847233 3
41631 15
897061 7
605525 15
639348 13
894670 15
167135 11
713666 2
556554 3
98965 12
621060 12
628862 10
779540 5
706809 9
796648 10
953754 9
827027 16
149373 9
233024 5
312881 9
867845 2
321380 15
785739 3
304257 2
85870 13
832076 12
214233 12
413506 9
339741 9
953665 4
821899 15
393862 6
229319 1
34472 2
383263 4
834593 10
342189 8
663222 8
485914 10
209959 2
915508 8
49710 10
581150 7
655745 3
626715 16
997444 9
657193 12
108341 15
370229 11
753773 5
791066 15
879398 9
368980 7
593810 5
74489 3
356112 8
672415 9
348195 12
248856 10
14384 15
691662 1
80305 15
819355 3
115481 3
51370 1
846985 14
715914 5
901567 11
39571 15
676405 3
829049 2
382100 10
309001 15
72664 9
830786 1
24671 12
556185 10
548145 5
824854 2
700747 3
245367 6
283638 1
539640 13
960787 14
67714 6
905473 11
45524 5
213986 12
213768 2
352279 5
399577 15
779729 14
550493 15
244295 8
361602 3
592987 13
281773 5
38229 6
69015 10
610655 3
899863 5
43261 5
877180 14
919163 11
382990 14
333390 11
609365 14
889605 3
156941 15
784826 11
734479 14
579637 4
699016 15
226375 11
840975 7
570947 11
804833 8
850380 15
488202 12
413093 15
833592 6
986837 9
733985 15
978308 1
487352 14
848274 8
248624 13
582478 9
408850 13
580255 5
117922 14
810272 10
878418 3
92124 8
181155 10
219270 2
608180 5
323838 6
354581 12
8115 3
398733 11
855613 14
935366 10
216192 9
467260 12
907372 15
865279 5
703877 6
406565 15
391260 2
485373 4
655021 14
926676 3
123277 16
467254 8
865768 4
987991 1
891961 5
897570 3
922570 7
696002 7
360062 13
160096 10
560185 15
569643 2
145893 2
802571 3
177339 10
199840 16
677820 1
815588 13
936734 10
571854 14
767643 1
667103 7
771245 4
718281 3
51397 4
934109 10
585221 14
138695 9
977889 15
156977 16
857349 16
219158 6
652599 11
410785 11
425194 15
865744 2
698584 15
720914 9
636253 4
431743 16
633410 2
593533 1
383479 16
258973 11
175303 11
155752 11
285444 15
923754 10
221257 7
681643 13
493107 14
31611 2
792044 15
485590 15
502404 1
55949 15
351405 10
586753 12
612951 4
494784 3
293242 7
920565 5
914340 6
25446 5
906629 1
772942 4
55639 13
602129 1
18208 1
968771 10
957093 5
822727 1
741105 7
888946 5
189683 1
293615 6
920187 1
535673 5
326467 8
871187 14
810267 12
308320 5
998553 9
897285 12
261135 3
555674 9
295275 2
216771 11
911505 10
144038 16
215052 14
522737 10
874941 6
525277 14
116393 1
249609 9
635253 7
526683 3
963690 13
304772 8
934942 16
883855 6
356372 9
567266 13
979166 4
997456 3
371557 11
840658 2
766216 6
112553 5
131451 13
377518 10
445859 1
80476 2
904473 12
910199 5
527519 1
572006 9
489263 11
965050 4
994068 12
178623 6
559709 9
631149 11
264841 9
69840 11
230114 15
815987 7
397145 5
453595 8
550265 5
677204 12
942005 6
153304 13
821842 9
839812 1
335314 5
749552 16
491812 6
455226 5
636563 10
248487 2
145987 2
279306 4
999867 2
16446 5
575176 2
601507 9
181002 6
937540 10
484699 7
535277 14
612510 13
812096 12
88588 8
67287 10
395498 8
633440 3
768002 10
970969 2
776566 1
455066 5
779321 3
306153 13
984771 10
776985 1
773026 9
258742 12
543398 16
269797 6
255935 11
16634 11
459866 9
996935 9
493303 9
211648 10
900275 1
637051 15
677816 11
588932 13
486266 14
933456 14
186131 13
47542 12
314180 9
159860 7
962903 2
732204 3
815782 11
250072 12
619072 4
773541 11
52795 16
546017 1
617319 13
487268 5
145761 13
529958 1
59183 15
954528 8
82174 7
448325 9
827631 15
376277 13
999837 11
25765 10
514882 16
331102 4
98965 4
530412 1
901175 8
15666 6
836294 15
520966 5
774059 11
778946 2
389169 11
917187 13
274021 14
874104 3
93482 3
393267 9
120187 7
18709 5
663883 4
648946 16
456335 13
779460 2
916865 2
177638 1
755592 4
35929 4
48770 6
832258 3
6100 7
470096 5
507449 16
284368 11
399750 4
259854 3
620685 5
433235 10
552587 8
149389 14
311139 13
301232 11
93343 4
652734 5
913478 9
820444 1
384329 5
679171 15
347795 6
28348 8
51096 5
376326 1
653094 9
346585 2
653948 16
894805 12
560122 9
163254 14
173884 12
537192 10
152533 8
163093 1
670106 13
645444 2
787086 11
745762 15
984746 4
906840 3
185969 3
710571 3
476171 3
144621 12
707958 14
219672 4
579011 5
401391 11
37621 16
50252 13
639466 11
165295 10
810488 8
743159 13
270055 16
124498 1
909505 4
421669 8
851566 7
454053 11
136808 7
881578 1
771120 13
404756 10
858501 14
567739 15
586818 11
117070 2
17408 16
610562 12
410213 15
738539 3
724924 15
940058 14
961390 7
545107 8
783396 15
18811 11
210932 5
835099 10
337102 14
399679 10
968906 3
485729 5
528127 15
623299 16
751555 15
970402 3
236449 7
708408 14
844245 6
180818 1
638261 14
156757 9
781185 9
858533 8
352726 2
376090 11
784076 8
833851 5
605898 9
990663 14
215650 15
383281 2
519642 7
91213 13
586731 11
844269 11
692199 1
308656 9
598102 5
645412 15
895822 4
651911 15
665769 11
235480 12
712477 13
24977 10
531422 1
225092 14
589760 2
727386 5
998518 14
36152 4
822686 11
590700 14
770777 12
544999 13
344578 3
415346 16
559945 15
560668 8
849267 6
901934 15
356875 6
955702 8
216264 15
573962 9
126532 4
503187 7
88080 12
799364 10
714444 2
211787 2
109953 7
666811 7
415472 5
677233 11
222973 7
497280 7
648412 7
233016 14
479741 11
772743 15
146834 12
825041 2
40591 13
219317 4
837190 11
393517 14
96075 5
936934 4
23075 12
332631 15
594709 12
609233 5
731660 7
289978 2
694940 11
713812 6
568603 10
107668 11
408923 4
951008 12
514645 15
195796 12
256443 4
499312 8
932789 2
181867 13
306507 3
813550 6
334539 5
883380 16
935508 3
577485 9
31336 6
422726 7
803085 15
127399 6
82056 7
722657 14
588915 13
771284 6
426951 10
517494 3
637725 1
608478 12
666598 7
897597 5
810060 8
477549 11
705876 3
121363 2
562765 13
118414 14
118035 11
658474 3
140093 13
471736 1
176581 1
5863 6
872994 2
452497 9
808807 13
410028 15
360085 2
666101 15
142292 4
689375 4
717478 12
918361 11
869044 14
109882 9
139591 15
832486 1
746877 14
210268 13
961096 7
463287 15
335000 3
205528 7
589356 6
90805 3
304793 10
477056 2
948681 5
502718 11
959460 8
610584 8
85338 4
225391 1
473587 5
288672 12
27714 15
158428 16
248843 14
553819 8
934561 3
348702 16
698683 3
975994 15
304530 5
509559 11
844406 9
393306 13
187004 5
701112 13
719253 8
893574 5
52479 1
723313 2
758075 10
924242 8
525007 5
679204 8
327976 7
213160 4
654493 4
255518 8
230579 10
222879 1
358534 8
269850 7
880574 5
649942 1
388988 9
583636 1
783426 15
195336 4
900497 2
528165 2
670018 15
973810 14
989849 3
560157 8
553409 4
920371 6
765680 6
911829 4
836754 8
552827 4
55861 6
272234 10
159311 13
581970 9
688061 2
309653 1
153306 16
591984 3
273067 4
362825 5
515573 12
825682 9
88050 4
640709 16
958719 4
815264 9
47042 10
757416 5
113599 6
41226 9
86568 9
917733 9
986050 6
24326 5
203376 8
309056 16
499334 11
794847 3
150790 16
446313 8
944317 11
763269 11
694075 14
89663 9
95624 11
556480 7
271279 16
993763 12
930318 10
474244 13
435717 12
684225 7
337759 12
623253 14
387478 1
957036 9
710097 16
953382 3
868891 5
352511 10
713094 4
262862 10
866529 15
442959 1
162832 11
47589 13
520941 1
757398 5
776026 6
255536 2
615389 1
383203 4
689713 11
847943 11
910375 8
533349 9
627884 1
83579 7
634588 16
706044 16
966574 3
797493 16
236407 8
948770 8
971067 11
313184 7
664697 16
5408 16
21493 8
888626 10
702547 3
657936 8
617183 3
687484 14
902 11
380842 9
784929 8
399088 14
481228 3
374907 4
142692 8
780363 5
608508 16
42858 8
649985 15
772417 2
431777 15
653252 3
14024 16
382556 2
148380 3
683788 16
65411 12
58130 5
895642 5
642945 9
58824 5
651293 5
404843 13
138586 9
53301 8
161682 2
330084 14
258826 15
735810 2
717055 10
879927 14
402817 7
694373 12
145116 2
63500 10
257739 2
761589 1
646576 4
965408 5
788914 12
503669 2
608906 10
464105 2
1772 3
883936 14
500817 15
874855 12
757497 3
722062 13
78629 11
292883 16
867136 8
253193 8
936800 12
751984 13
527115 4
706196 2
885782 6
227787 7
779530 7
643434 14
695776 2
395254 9
549611 15
255442 12
331449 4
623954 15
29341 14
334872 13
926757 9
25128 15
804519 7
856917 14
132578 10
327271 14
692736 4
967687 6
540206 10
594781 5
606891 12
721745 11
602569 4
643217 7
487182 12
137540 10
289822 8
547126 14
770553 14
38637 3
94158 1
179513 15
600957 7
519847 1
315812 7
711227 9
466778 10
165833 9
584083 1
754270 15
878705 3
473703 8
807735 4
7877 6
705709 3
313999 1
901910 16
100279 6
731188 13
883760 11
103814 7
830507 5
940974 1
103761 11
892885 5
507329 14
728269 5
561570 6
428777 5
801483 11
933680 6
103102 2
351218 12
344960 12
292104 16
255772 11
690144 14
804168 11
80736 6
778672 1
722510 5
514094 2
896605 4
58452 15
853279 16
392755 12
875251 11
449081 7
111620 7
72187 6
83680 4
442778 7
855922 14
194538 10
948116 1
99458 3
751770 5
920210 10
539115 8
991543 9
877126 14
108249 3
418719 11
752950 7
987864 15
594746 1
330390 8
611026 3
761294 14
777422 7
605386 8
934702 10
843959 14
667987 8
925745 13
55329 8
893385 12
726934 7
595671 13
841392 4
615103 10
837860 1
759572 6
423510 3
492589 15
562540 2
702283 16
845497 11
607802 9
914135 6
964180 13
641573 8
280145 15
707834 15
509626 3
726306 2
607712 5
73700 7
51400 12
752196 7
538954 2
63456 3
740243 10
272983 7
72210 4
541043 3
999942 8
560277 3
908734 1
853267 12
426304 2
376863 13
595373 5
112362 1
723667 6
234857 15
713376 6
970805 16
85418 5
877899 5
665038 5
597173 5
183106 7
458165 14
584925 6
624231 6
31641 6
426291 1
454185 2
377598 8
932956 10
532352 15
305226 9
40183 1
887561 4
720521 7
474173 8
747242 10
426038 15
439483 5
656762 1
357585 9
48122 10
117455 9
911186 5
950591 5
512891 4
352730 8
215385 7
790375 5
46632 7
256048 11
77798 15
833608 8
300485 14
17532 14
568926 6
407323 7
410190 16
665848 7
962594 8
36336 1
363597 2
734077 16
870889 14
669127 11
348887 2
67465 7
714900 7
468958 13
604953 13
221858 15
769901 8
486447 15
626986 12
532284 8
247397 5
707185 10
135742 5
936781 6
214761 16
896951 5
552798 14
700301 13
564193 13
338777 8
57224 11
193920 13
603209 4
198631 5
888406 1
163221 5
318031 8
682568 12
718872 2
981182 9
958866 2
486439 15
841050 1
874834 11
618780 12
993183 13
242148 8
864714 2
408088 4
258497 7
195368 12
315708 8
382044 4
498195 15
49167 16
229504 12
937813 8
621443 11
999197 6
796663 14
39479 4
460820 7
1235 16
385969 10
546810 3
36471 4
341153 15
99004 10
563615 9
152034 1
437270 7
726271 3
167588 6
30142 10
242046 16
181657 15
786719 6
455359 9
339670 15
206148 4
521271 7
519074 13
707657 8
727975 8
630945 10
217487 12
212092 5
167133 11
428683 10
673220 9
662267 14
425927 4
932471 10
999171 3
331153 13
738410 7
992064 6
922727 13
967711 2
193163 13
80556 4
254013 15
843271 11
259866 3
849846 14
76149 13
178366 16
538408 5
617334 2
957068 12
58810 7
601748 2
164459 8
494682 1
77978 9
632283 12
288275 8
988927 11
130307 10
5684 14
944758 7
793136 3
316553 16
958218 14
18673 8
873198 3
130450 7
966188 8
36986 2
569000 3
760471 16
457205 11
883395 7
420941 15
626081 15
362777 15
84621 10
651254 3
460591 10
762256 9
948374 2
502672 16
671798 3
561430 10
143013 1
595723 16
443997 5
588945 13
372183 1
635238 2
691386 16
881284 1
686829 15
566175 6
849033 5
744512 1
78662 12
818696 12
755034 8
758551 16
436091 6
783594 5
910729 11
219885 3
312785 10
86820 8
168859 8
344196 7
585034 11
300272 4
908514 13
722002 1
271143 7
305575 10
26518 13
984843 9
747741 1
625452 16
614641 15
633792 8
653082 15
936217 14
867401 6
372879 14
24024 12
396818 6
579785 7
123322 5
859594 9
778924 1
877217 11
518511 10
518476 4
676797 2
273915 9
681744 6
184552 11
81055 8
834100 6
359456 16
870882 3
835790 4
555645 4
900771 16
962357 11
184610 7
969633 16
682980 4
877556 9
728739 1
460906 16
635099 7
430768 6
384522 7
421670 5
441088 13
810188 6
983527 13
213450 7
727725 8
626223 1
292492 6
794252 1
898097 15
147427 10
512048 16
505529 9
415225 14
426266 13
302114 8
423717 4
511202 4
600329 16
512798 13
468975 7
533875 13
240142 16
233761 4
434630 7
762874 3
602204 5
656143 9
930518 10
908772 10
593991 9
374584 5
539817 3
838424 2
758703 7
37205 7
312898 4
151966 3
337785 15
489276 5
133006 16
526739 16
752987 10
633000 4
68266 6
268095 16
546454 16
496308 7
221715 9
807657 11
239529 6
