2486
621603 12
448874 1
702093 13
934704 10
108026 15
444034 12
399993 2
950038 14
850137 16
937201 1
548748 7
128975 13
848354 12
981642 1
754721 10
919618 16
996081 13
64697 6
53923 2
232291 7
517607 12
163300 11
47761 12
304321 16
153139 1
267560 4
611992 4
191059 2
262463 16
797680 2
651443 11
873892 2
780107 15
147436 2
353570 7
42768 11
327288 1
721730 8
503091 6
193874 14
541403 10
433797 2
590181 7
982866 3
790476 15
318131 7
387596 16
385582 16
13029 3
42772 9
361896 4
191312 12
155699 8
397729 14
358788 3
898347 9
688345 13
399689 11
999744 10
940010 8
55364 14
838953 1
741737 7
116904 12
14931 5
815789 13
910326 15
840811 12
842907 7
433357 11
112126 12
639429 16
989269 6
831992 16
322199 9
501949 16
287256 8
872448 10
504940 1
338726 7
440239 7
54381 9
265354 2
647099 6
329893 8
956247 5
130221 5
461862 3
514562 1
653245 4
995483 1
548464 3
140313 8
492775 6
832034 5
407824 13
136818 1
216964 15
940503 14
420260 7
589817 5
836902 3
79924 7
213630 9
990955 13
739811 2
546391 8
809536 16
273091 1
207088 16
752118 3
870921 10
907161 13
243281 5
339793 9
751915 12
36418 12
849275 9
163258 11
709676 7
553705 1
283135 15
60541 10
826405 7
707449 11
61190 9
112921 12
275269 5
977209 15
98539 14
827164 4
759575 13
376622 16
822871 10
656465 11
255560 4
462554 4
485504 11
96847 7
99270 3
580994 9
817974 16
582741 10
229042 15
305270 10
25662 16
916828 13
827109 12
101331 2
370078 1
334852 5
756728 10
363889 14
17168 15
100708 11
10207 14
131595 3
397184 4
391354 6
372687 15
242784 3
820404 11
557373 9
936386 4
488682 8
931947 10
291214 2
961108 11
42114 14
147038 5
881219 12
539416 2
146276 16
231606 8
881772 14
262802 1
164222 12
606222 13
744746 4
451777 1
279822 8
579966 2
641387 14
254924 10
824143 11
287809 4
409844 5
73445 5
606058 10
19827 4
402177 10
782560 14
322182 9
427094 7
339637 10
610849 1
552031 6
11846 8
878952 9
999310 2
598206 6
370998 14
963136 4
837314 11
562710 13
958194 10
166118 7
629358 5
160015 4
305712 11
286100 16
915401 4
458425 7
961787 2
457915 5
434462 3
157667 15
41941 16
98359 11
64909 16
549078 10
493292 7
662864 14
101982 15
535250 10
102401 2
627219 8
525648 8
201275 10
668556 12
262063 12
401012 16
110178 10
746406 5
77315 13
598566 10
158175 11
303790 8
755973 13
738251 15
734069 6
227149 7
104504 1
662441 12
904546 1
855926 2
603603 16
793621 16
397552 3
491412 12
338073 13
635611 2
654518 3
973490 7
54499 6
925466 15
645569 8
853140 15
678493 11
675900 3
447460 15
105565 11
965478 6
706506 9
599053 8
152758 15
58350 15
124008 1
830116 10
877178 8
93278 14
27236 1
410473 8
645321 3
300338 15
503494 11
997881 15
829259 7
20600 2
288339 13
295577 12
859082 2
847196 5
279775 9
982028 13
584502 8
868313 6
535731 16
570182 7
962404 6
428243 9
157933 8
937202 5
353883 7
721132 1
922034 1
77403 7
409666 5
376902 14
932530 6
859819 7
61374 9
675493 10
433361 16
535433 3
41020 16
264391 4
293799 7
777091 10
586868 6
959984 2
269587 14
144570 14
311242 4
984524 11
970457 12
831940 9
641388 5
241822 6
776343 7
198006 4
582744 11
312831 4
831628 4
602278 15
425643 8
318372 9
835272 1
25646 13
997797 8
354013 10
678525 15
68775 12
971591 14
226490 2
614735 10
209440 9
493849 8
151305 1
215484 7
411894 1
907721 12
987547 5
302530 1
980098 6
343896 4
471183 3
246848 5
916555 13
212252 8
568720 16
366792 10
655439 1
644240 2
118480 11
738068 12
22502 11
623916 9
490444 5
132307 1
976762 5
695512 16
173481 13
812446 12
161669 9
822985 5
837665 12
737122 5
673587 12
392473 3
320829 8
261662 13
6716 11
569610 5
579334 14
174963 11
325186 9
814090 10
512060 16
284391 5
440088 10
119157 6
314962 6
606648 9
755003 4
862719 15
743319 16
674621 10
606601 10
45155 1
36678 12
53191 3
793385 2
832330 16
470836 9
800143 14
793387 6
443188 1
690075 16
739130 15
653661 6
453181 9
254693 16
354602 11
238990 9
267994 16
775707 3
903244 15
98908 5
750209 9
55223 12
269629 6
896619 13
485181 1
753764 12
872887 5
625388 2
457876 9
887113 11
280859 12
93932 1
412353 15
460960 8
719247 11
914690 2
407156 16
930465 7
716704 2
485900 14
397649 14
683161 8
89905 10
395971 5
254015 3
635527 6
46242 4
834981 14
65744 5
254225 8
675406 10
502177 8
651920 3
329722 7
720362 16
983260 7
490048 3
6207 13
115228 8
794121 7
173906 1
312361 10
883978 4
639743 11
620512 14
685684 7
432993 6
167586 11
467117 8
766384 1
651700 16
379168 2
231486 1
606355 13
189967 11
205094 14
990977 4
252032 2
454211 6
501128 13
749131 14
203064 16
589680 15
951399 13
396521 5
217013 2
960845 3
445256 5
282050 5
14283 13
646474 11
209894 2
307881 7
637431 16
23717 10
181970 16
531042 5
251715 14
638537 14
907564 12
923902 3
467808 2
57829 6
606708 7
590896 2
140166 2
382572 11
797174 14
774052 13
203453 16
96236 6
518589 15
617419 1
998383 5
147732 8
157976 15
311409 15
776904 12
772224 10
459563 3
316683 14
695043 8
164682 14
337940 3
179394 3
885399 11
82736 15
575619 15
326837 16
898280 8
519032 2
427836 3
455055 6
700162 13
121431 15
894992 1
392790 16
658736 7
970787 1
970069 16
487425 6
993287 3
928085 4
810610 3
598400 3
40360 2
369206 1
845631 12
472667 13
931377 15
235206 13
652654 7
381218 13
501080 1
718886 4
801545 7
971923 13
789264 5
989957 4
749687 3
616267 12
123697 1
719441 10
583025 12
225970 13
415321 1
504972 4
404553 10
369111 14
335899 6
478326 5
984017 13
740463 2
37199 3
682528 15
869002 2
549210 10
562605 8
192538 3
825328 15
347950 2
466336 16
950873 9
767962 5
657599 12
622359 8
837192 9
799288 14
448436 2
162621 14
717833 13
555963 6
678955 11
281583 16
691394 2
458062 9
239990 8
527658 16
329162 13
680891 9
38021 10
667032 9
100725 13
703442 13
652592 5
329522 8
109095 4
668297 1
110877 2
769955 12
799951 2
164159 3
224990 9
986992 9
445589 2
16399 3
558161 12
985161 16
825677 8
95204 4
159801 4
601992 14
806572 11
529619 10
779972 9
673323 15
43291 1
661347 7
695931 13
357534 9
445677 8
437780 14
861629 1
368441 15
254998 15
228504 11
117863 14
45613 5
230526 2
822734 9
188051 13
151871 9
614909 3
587130 12
327396 9
813541 12
824739 8
355190 15
849125 3
352 6
570603 16
9799 7
647279 8
144986 9
330874 4
210048 3
912313 13
524060 15
11306 5
18312 11
454665 1
373904 5
517852 13
117538 6
500265 16
886539 12
454559 12
891048 8
773362 12
315096 1
2691 11
494177 9
544087 8
297556 8
522633 7
998932 1
37733 1
78163 9
246374 3
378944 9
213330 8
208244 2
162433 12
51700 7
125766 8
171921 5
935485 4
892721 7
367000 12
168026 10
810252 13
809091 16
771175 15
506725 9
805869 9
415730 13
775929 9
226566 5
689293 9
979511 12
970217 8
36963 6
707242 9
758546 2
373840 15
810145 5
752827 14
505361 14
243867 11
459454 4
124928 11
895168 14
605772 7
258277 8
776012 7
930477 14
944567 15
366562 12
87867 14
270961 11
352698 2
7828 15
418286 11
813668 4
639719 5
857146 7
55747 6
909590 10
999948 9
56569 5
725593 16
209354 15
109875 11
768133 9
139854 10
949433 8
395502 12
243928 10
367208 3
97430 11
397030 13
398395 10
520149 15
729511 3
365502 11
215327 3
539695 4
558437 3
621978 4
710350 13
688193 4
614001 3
312131 16
241794 9
346193 3
402860 2
388169 9
830905 15
434828 5
219963 13
996141 12
696948 16
554587 1
426149 16
795900 3
605577 9
494282 4
132580 6
26989 12
527354 3
701271 15
612348 2
523453 7
98634 12
127183 10
398400 12
131110 4
740309 2
567651 3
688243 16
960795 15
176326 12
882012 14
46984 6
203976 14
693668 5
902612 10
380628 5
656068 8
580821 5
519457 2
842102 9
305806 14
377113 7
533196 4
182880 13
742306 13
636216 14
56126 6
913505 7
44594 15
604192 12
319407 16
293191 6
183194 8
222572 9
113507 2
827038 12
355507 8
691645 16
205255 13
463389 9
516438 15
157997 7
18724 12
708721 8
153842 10
229366 2
902042 3
906012 11
172579 11
601722 11
694048 6
329452 14
365212 15
323446 10
271823 8
608964 4
143405 7
495837 9
901612 15
884711 7
96466 11
535952 6
5885 9
963245 15
90989 15
118769 10
406357 10
720812 8
489678 12
766698 13
187010 9
690311 6
529836 1
760909 14
101277 1
19201 13
700588 7
649670 4
399442 3
453823 13
169377 13
951200 15
978172 12
304340 13
402856 9
870308 16
585768 9
767800 4
670642 5
322901 15
656800 4
761349 16
991795 10
326778 14
208404 2
473801 11
8365 10
661301 15
871148 16
407470 14
140749 8
44109 4
393167 14
494977 9
743818 4
863128 16
907853 3
918154 6
666685 9
823070 12
741885 4
61477 14
140677 8
852094 13
342423 16
875870 16
389649 3
327271 16
125803 7
304737 8
722016 5
604304 15
13892 15
628295 8
829053 6
493050 5
970351 2
883821 8
582384 16
489556 3
901969 6
641606 8
705595 12
677549 13
780745 14
367123 3
246564 7
328707 2
800885 10
685139 11
144393 3
161064 13
531649 6
396505 11
16924 15
677386 14
871514 14
782071 2
161331 5
261009 16
351313 1
382250 3
337078 16
100093 12
584523 13
357518 11
466593 7
437961 14
826500 6
382181 7
378612 6
790868 10
432812 6
218260 3
993562 14
495349 9
112664 5
662008 9
726575 13
202360 9
461572 3
12915 7
473760 8
404589 13
277380 13
876861 14
449464 8
758551 16
246060 1
90757 8
616119 16
888181 1
450969 6
443594 9
57948 4
649297 15
677868 1
87064 15
815924 15
480339 13
243972 11
973429 10
151005 16
799714 5
801543 11
304237 6
957602 10
693858 2
213058 11
976783 9
331136 3
566141 3
345847 10
380666 1
569035 11
934904 8
770045 10
25168 9
853280 16
936481 1
791603 14
136372 5
938248 7
694984 9
536452 2
202298 3
326808 8
746111 4
216477 16
6819 9
438012 14
920838 6
65617 11
931871 15
517386 5
458646 14
246487 6
915978 13
422396 7
498564 5
343416 1
516744 16
895354 11
76496 4
394460 14
845857 1
327590 10
37169 13
451658 3
972384 1
635722 4
504333 15
535027 3
887117 1
607994 16
228133 3
218902 14
37203 3
965322 8
109112 2
617170 8
209352 11
213803 6
142263 5
165285 9
239786 4
461664 15
950324 10
266848 15
278885 16
721340 16
315582 15
205281 12
797805 3
803706 4
694957 3
200624 11
899370 8
289834 1
379741 3
953625 13
54151 6
895062 13
129633 3
793735 13
72950 15
994715 3
589486 16
863164 6
626452 2
733061 1
323169 16
522365 11
123467 13
722623 5
711494 14
172146 16
389923 14
817791 1
311194 2
548734 1
899856 11
80126 3
545070 4
839483 14
267779 11
734474 6
782593 10
646850 15
199441 5
163520 7
583221 14
877115 12
449270 14
757256 1
128276 11
324098 9
779740 2
77688 9
911180 4
573653 16
25369 7
152222 1
755882 11
689218 14
145927 16
196090 15
886437 2
952440 10
288926 10
767173 12
350351 8
361600 3
94479 14
227233 9
225840 7
80219 13
4315 13
272231 4
146303 7
350875 7
418353 4
438918 10
213649 10
520746 12
100052 12
759894 14
197761 3
443699 4
208537 16
665645 6
539725 16
925722 13
957524 1
109970 10
558322 16
977920 10
761740 14
239523 1
850710 2
869610 3
521624 1
733965 16
768506 3
973878 7
447740 9
369251 12
827006 3
619953 4
18219 14
297607 5
901182 10
141286 4
517189 2
232054 8
370374 16
54504 15
612397 6
486697 16
172643 4
428947 5
130204 1
374956 9
197591 2
733836 3
705802 9
376080 8
652621 3
520443 3
51091 16
912796 11
493447 1
645634 8
798732 2
156621 14
322641 2
750618 15
877753 9
539126 13
619021 5
707683 5
871727 6
711519 7
82287 15
935438 14
817832 3
285424 12
835941 14
598442 10
833211 16
325859 13
952971 14
195856 3
44701 5
312157 8
415655 5
599638 4
463729 10
976209 14
178525 15
779118 7
679649 11
968856 13
903888 11
348089 6
396466 11
154662 1
94682 13
788287 12
445029 12
140323 5
478615 3
455151 11
569251 9
798157 7
743779 15
670157 15
282225 3
535064 7
782598 5
404690 16
731760 2
343543 8
106646 11
338261 9
656199 11
277893 4
198022 5
388866 2
499776 9
347369 10
13046 4
276005 12
367333 16
713733 11
30118 1
557882 6
133777 3
872818 16
743156 5
786110 16
189872 7
37216 14
91994 9
977184 6
116515 2
258292 15
709169 14
980679 3
31896 14
441771 1
922563 4
798742 16
441962 15
590494 9
459131 12
395932 7
924035 13
611691 2
492654 4
876360 15
855920 11
615336 6
75171 14
854663 5
573721 1
984248 12
408493 15
901059 9
737261 13
675254 5
506814 15
113538 16
805989 2
607285 8
756122 1
15014 13
400148 4
923196 6
654657 9
632368 4
872586 12
28161 11
733934 14
814366 7
85156 11
884137 9
868915 3
827875 7
124878 13
913937 2
412844 16
246504 4
311473 7
291170 3
23559 2
435926 12
928624 12
519412 11
432239 10
331137 8
420067 16
450304 9
630000 5
112368 8
183718 3
83082 15
432360 15
335185 3
121010 5
628264 16
416266 5
874612 13
130854 4
137337 10
199113 4
829099 2
859173 14
133035 13
843038 3
337239 16
574349 7
554083 16
975970 16
774348 10
855132 7
324364 11
434555 8
126038 4
331388 11
785691 7
552398 1
620788 12
800438 7
312296 16
344790 9
142541 9
558948 4
233431 10
749680 9
357675 14
521169 4
367636 3
214197 15
678381 11
520435 7
108994 7
86601 4
523504 11
903893 11
992642 12
693967 9
392542 1
308914 16
775056 13
387537 3
533238 15
386312 11
392471 1
441975 5
495071 7
133616 9
554804 10
621638 13
57069 2
516996 9
82315 16
837078 1
75058 11
156580 6
616213 8
218579 15
892670 15
927895 6
629295 7
136525 13
775363 13
234342 16
689054 14
955746 5
632057 16
780428 10
229563 1
750559 4
15719 4
15793 5
378281 11
964114 10
968243 3
931039 7
478280 5
520921 5
201322 15
220533 1
784508 12
30753 7
286716 11
19652 1
514251 13
172599 1
395830 3
242718 15
799309 8
259409 2
970009 15
811161 4
103396 14
83383 11
973959 7
996375 1
388005 6
551000 13
498565 10
474581 15
911899 1
302919 2
965625 8
386677 4
744477 6
613698 9
983613 16
374847 11
484240 4
583129 8
435737 4
472123 7
831897 5
134404 8
425514 5
813187 7
500241 9
290952 2
752218 14
67843 2
948165 3
840126 14
452034 11
611015 12
183491 2
863258 5
340971 11
370463 9
602103 5
474615 12
247815 6
161750 13
266582 1
704434 13
12860 4
17423 9
858190 6
300218 5
44229 16
711645 15
260339 5
716841 12
269021 16
19164 4
918414 8
431709 3
988681 7
981788 15
297608 10
697034 15
338772 11
323324 14
101934 13
599547 13
15968 14
382827 5
279247 15
716353 13
565757 14
192858 14
91896 14
802295 5
105295 8
456388 2
765514 3
972244 11
555351 10
102145 2
375711 6
566435 2
319064 14
42787 3
474025 8
618691 8
624017 7
196817 14
123864 11
996912 12
912482 1
684296 3
116880 7
239010 5
713022 9
785879 4
532423 7
362674 13
745975 1
990800 16
463164 8
743145 9
671437 3
87314 15
413729 9
564872 10
487783 12
485063 1
200275 14
423528 3
103252 9
492619 9
960183 6
334730 16
414781 6
419644 16
773970 2
127301 8
723642 7
814096 7
649581 7
986500 10
371342 12
402364 9
743690 6
609199 10
248401 2
215231 12
696361 6
560425 8
524788 10
290087 4
947561 14
8804 3
494726 10
505144 3
420123 15
853337 8
832679 16
544245 10
437485 13
681543 9
748589 6
361916 11
933467 15
865758 2
583163 7
135602 6
685993 5
844920 15
959087 8
589825 16
961842 13
813095 2
615024 6
180301 7
872321 2
705843 6
247130 6
138134 11
742747 12
631318 13
697590 4
54881 4
489855 16
546204 11
752100 16
788102 8
641646 1
601084 4
852830 6
894576 2
206164 7
704543 6
150716 3
201506 2
633650 4
683293 11
316200 2
737041 9
748784 16
580264 7
230314 3
914960 4
170009 6
473038 13
228776 7
47764 9
845384 4
885652 14
434258 6
11554 16
611891 4
852336 14
644405 13
109602 12
400031 8
987966 15
293071 8
493395 4
896235 4
14792 8
978064 12
62747 2
993450 6
179652 12
64040 9
149481 6
105195 9
879825 12
95797 1
307838 8
497701 2
237037 15
226632 9
60895 4
823734 10
914830 8
85027 8
919690 13
161919 15
815774 9
759562 9
95837 5
306472 4
865281 3
661532 8
940133 13
86793 4
128373 12
446158 16
522903 10
258939 14
727510 9
146897 15
774388 9
816955 11
46793 16
442317 2
689762 1
305172 14
259725 2
824995 16
726706 11
37478 11
342322 11
499972 14
738682 15
382518 16
606311 13
274305 8
759882 12
43287 13
156355 6
885517 14
439003 16
87181 7
149110 5
913122 10
450288 11
746603 1
813883 8
68888 16
845791 8
590705 2
97295 10
808288 2
756495 11
629496 4
865544 14
468966 6
259839 8
173382 5
359934 12
98229 14
347025 13
582951 9
263952 14
403168 6
33019 10
209825 8
290464 10
113549 8
556729 9
893676 5
194968 7
99544 16
633449 13
818676 3
689704 3
350229 3
574124 7
931620 11
61753 9
250578 10
101426 5
71694 8
376593 7
418293 6
835162 11
890896 15
41767 15
665903 10
621266 7
281441 7
258210 13
119252 7
869842 7
869468 1
83383 3
267047 11
979733 3
164605 13
735545 7
612038 13
530460 3
577556 1
807441 1
420465 3
216093 5
517760 11
274065 6
221837 3
277913 3
66486 7
380283 3
490501 13
259439 12
378860 4
286464 4
579008 8
26684 8
486846 8
506514 10
906477 4
82331 13
123959 14
756711 13
811405 8
844627 10
520107 12
346736 4
216542 8
988327 14
740140 5
595340 11
462080 14
98553 11
102395 10
523823 15
701547 13
902940 8
877101 6
434116 10
469685 7
736650 9
9789 1
898141 15
434175 15
690438 10
277348 6
758154 4
72647 1
891339 15
784022 15
402139 2
755796 4
307959 15
90940 16
926006 12
430882 8
350978 16
795784 3
196127 10
272405 7
928854 10
60665 15
147486 16
743673 1
225581 15
771320 7
297422 13
117175 10
744408 4
59963 10
754447 10
552644 5
394613 11
680448 11
45093 16
261016 7
208595 13
28637 3
230484 6
282945 3
83291 5
432238 12
770192 9
138930 5
471955 2
237363 14
36418 3
646408 7
378444 12
177938 6
572892 9
55177 16
413354 13
7836 16
271051 9
5870 9
866381 14
735108 2
667006 3
60510 14
818785 16
674704 14
172504 11
580180 3
790816 8
390590 4
34894 8
328631 8
93657 8
560019 13
623124 7
558566 4
427471 11
940927 4
977274 3
445315 3
636600 5
154234 8
902720 10
476037 14
270296 15
746493 8
476360 8
873199 14
47504 6
439357 2
12254 10
376224 10
959602 2
289416 7
421361 2
327570 2
674793 2
736633 12
699416 13
816052 13
134421 12
70647 8
624399 11
434521 6
438566 2
986003 16
218852 11
397482 9
682955 1
128193 6
206834 4
699397 11
962447 7
701303 3
26388 1
814366 5
571389 5
931407 3
755489 13
236066 15
729048 4
297878 3
118644 16
335393 12
937577 15
222690 5
207251 1
102144 13
826898 12
850549 13
93420 12
611792 3
650769 6
853287 13
831918 2
138841 16
244504 3
816971 15
473250 5
447297 8
423585 14
173960 7
262160 13
120909 4
64126 13
27433 9
15891 2
185715 14
906548 15
2590 13
972020 5
231288 3
14536 16
27066 3
822263 1
322344 12
366042 3
167952 10
79833 10
185239 7
37121 15
249547 15
807694 13
223495 3
862896 12
588316 3
141647 1
161464 16
812461 5
254483 15
770061 10
85318 16
912574 11
128874 14
543760 3
842690 13
704508 8
251400 8
347425 1
943679 14
95480 11
294232 10
357065 10
641195 8
265127 12
654473 3
818703 12
316187 8
164408 4
680416 12
537150 13
768607 7
126386 7
894814 6
218138 2
44502 1
621578 11
382244 12
763771 4
434879 14
910123 7
331305 11
241174 5
104425 14
803872 2
496554 7
836963 7
406744 8
981715 3
86414 9
271436 7
73553 10
22658 8
845475 8
922562 5
627 13
805151 16
323540 7
791396 2
434016 8
939884 10
647683 12
34343 11
556463 11
615500 12
963032 14
521879 2
28714 16
352664 11
609137 8
315219 15
519444 1
329648 2
137384 5
26651 11
438527 11
796795 15
454008 7
754749 11
737526 10
175068 6
106404 2
327749 16
233032 13
572093 6
263337 1
244782 2
411363 12
501909 9
652471 9
903346 15
521765 8
92787 5
875678 4
7323 2
224447 15
463038 4
961528 4
590813 12
975801 3
448094 3
42924 2
518810 3
469428 11
962008 9
472248 9
818182 4
704783 15
333367 4
975397 10
669892 8
104885 3
768520 3
445036 2
694855 1
558865 7
684590 12
449445 10
58915 15
294018 1
666836 1
30767 4
887826 14
919627 12
976723 4
771660 15
593168 6
587067 10
842800 2
522719 15
829487 5
687093 6
409827 2
519882 4
944270 6
313322 14
46988 16
695847 3
833881 16
475235 9
700428 4
770851 11
11333 5
847299 10
793022 1
932623 10
399375 2
347386 9
57515 14
436693 12
104408 5
982026 6
564129 14
927907 10
911530 11
694544 11
818721 15
317325 15
319142 11
283058 8
637399 16
415501 4
436604 7
578922 7
716844 4
544184 2
752578 12
743965 4
63650 8
372241 11
29126 10
467747 10
706808 15
535515 10
743486 15
159587 10
41034 7
554303 10
711508 10
386075 15
72367 16
786714 16
754292 3
57346 2
341852 14
669898 1
271373 10
242592 14
436274 2
960850 7
34219 14
246851 7
151537 2
890808 9
628215 6
812487 5
10542 14
728873 15
179537 7
552504 15
270068 9
120512 12
238927 11
218558 14
578190 12
537476 2
634108 16
525440 7
674983 16
113986 9
719821 8
782909 1
781491 7
907649 4
936795 1
8847 7
638470 1
521641 6
586775 5
694481 2
831813 5
432431 16
925637 10
666598 8
786142 15
986653 9
58537 2
867668 4
870668 1
778525 14
567786 16
149258 4
7490 4
808332 1
555544 14
56344 2
280176 4
989108 5
411094 7
978634 6
771623 15
600487 12
95784 13
858426 4
404854 3
818514 13
223624 3
67465 14
28711 7
540736 9
397571 2
934267 1
462787 1
687520 8
972091 2
926038 2
616110 9
532291 3
696504 8
621984 3
580628 14
358075 1
229914 9
770617 2
221080 1
872057 5
264319 2
626271 12
221799 8
987484 11
881307 5
874388 9
595847 15
570099 9
524535 14
449732 7
186374 13
235481 6
690192 3
876002 15
888082 6
51024 12
313642 7
88785 13
864020 2
8245 8
597729 1
621489 7
916511 3
303645 7
961533 15
543601 14
764108 6
729113 16
89968 2
742503 15
209749 15
56497 14
769046 2
12250 9
819388 15
473589 15
912611 8
818576 14
148327 10
105667 13
643777 5
947293 6
483039 10
296915 6
688419 12
902542 4
546476 9
835872 5
743537 6
449660 5
150186 13
343773 13
671622 3
430181 1
325391 2
276123 5
866542 11
77648 14
574474 1
82079 9
522596 12
409866 9
871425 2
527552 11
199138 1
44141 11
158957 11
612822 2
898030 9
975770 8
965365 10
386320 5
615770 10
687632 12
707244 16
938742 13
995660 1
534909 13
362778 6
829869 3
894258 1
744106 12
957701 8
150537 15
237290 5
516800 16
411065 10
569295 15
690674 15
170651 1
81489 6
983421 7
958090 1
498901 8
260264 4
722301 7
746194 13
359530 13
346100 9
507487 4
731798 5
189339 10
115877 13
795565 10
828142 4
914948 12
267785 3
770783 1
900813 3
865573 9
734535 1
341510 16
598358 1
662901 1
248979 7
917894 8
327896 7
240368 13
315480 6
2833 15
316966 15
346178 4
110307 15
610380 4
879416 13
145711 3
888693 7
248923 16
345600 15
184944 4
178473 15
679195 16
474633 2
299711 8
397144 7
626303 3
44832 11
502327 9
770149 12
688183 13
353160 10
583576 15
954498 7
365563 14
956235 9
463107 1
856020 5
684617 16
733009 5
737396 11
19526 9
90704 10
465982 10
202388 1
71328 15
717114 7
637269 1
286903 9
455862 16
32957 2
958680 6
234237 1
104267 3
357969 9
665912 9
154739 10
195014 14
377701 8
704986 4
117800 8
698123 11
905867 2
437387 12
582992 8
231579 2
420196 15
854276 14
582496 9
734566 1
564293 8
390404 2
991220 8
748986 16
65927 2
804392 5
914269 3
266818 6
819340 8
44119 1
937549 2
514575 7
550441 6
721581 10
222114 10
696128 10
495917 6
109343 13
952697 11
858919 14
159740 12
210504 9
635171 10
720083 9
552632 7
551572 15
922561 12
983385 11
435056 6
137809 13
69508 7
496693 12
837375 1
530606 16
652166 16
199327 16
738501 1
776136 16
35486 11
64852 3
66890 9
976488 8
860385 16
681715 2
236393 6
405659 13
678454 9
351901 8
420359 11
71121 10
484728 15
872786 15
494194 3
381401 15
144620 11
773999 14
608326 16
67122 9
786299 15
990918 15
731787 15
773534 7
373152 4
554990 6
606209 14
825807 14
739331 4
493949 13
168542 12
367429 5
430565 2
439891 2
901412 4
847 11
212034 12
178808 7
777876 10
26081 1
47987 15
853616 8
953401 14
53157 5
76374 16
612351 6
4570 16
59928 14
751372 2
138685 6
471990 6
30949 13
875881 14
369183 13
515586 9
521487 3
476965 2
78678 8
662306 13
798715 15
840393 13
250204 16
79697 10
144 1
838955 9
303360 8
274177 2
178522 13
962673 8
854020 10
214989 9
291344 16
430242 2
475869 9
118477 10
266990 2
923830 2
672339 16
501724 4
64362 13
54766 13
612158 5
867419 4
5700 4
388046 3
789825 6
261729 2
155471 7
706857 15
104349 11
453877 2
637586 6
315848 7
155667 12
787851 6
586985 14
77729 12
275480 7
888365 6
730265 6
80572 16
406139 1
553023 13
865693 4
99660 7
342356 15
151977 16
933349 7
306944 16
568920 1
165299 15
311049 3
508828 11
604220 4
693542 11
265588 13
393884 15
844795 14
808036 6
