3479
575986 8
917031 3
457895 13
353479 12
886094 8
887217 2
467443 10
377646 9
853239 16
590034 3
440888 2
242616 16
754409 1
299144 10
169899 6
825006 13
389107 7
469099 5
419168 8
283515 12
530797 9
582250 16
933284 2
727057 16
138279 4
245496 6
921494 1
592870 2
605377 1
672083 1
356073 9
999640 8
163405 12
59911 11
362760 4
574477 3
999065 7
190033 6
337462 9
139777 10
512949 1
885487 8
175415 9
541776 4
693317 4
105151 5
946948 6
759244 5
694663 4
218820 9
758667 9
598786 13
40397 16
295495 6
705902 13
179526 9
586900 7
166337 3
304265 5
304787 12
752130 14
40293 16
304543 3
167270 7
307531 1
314011 15
973469 16
667295 2
500074 12
626650 16
932807 15
673173 4
543156 13
179496 16
25258 1
111272 6
991083 12
150490 10
79983 14
270449 10
86993 14
382527 11
787749 12
696281 4
299753 6
459273 1
680432 15
687269 16
946315 8
635109 15
778853 13
297958 7
869383 6
272912 13
781542 6
140537 5
858806 14
498078 9
639282 15
348151 6
255647 8
167094 10
264616 7
39994 3
153188 6
205830 1
857513 14
129267 15
429776 8
895335 14
618619 1
294562 15
693338 5
359861 5
514902 12
699911 9
714852 6
286790 5
729741 1
280651 14
151435 10
78922 15
740006 3
840769 6
532051 7
931322 4
735659 11
44341 5
29970 11
630026 3
592669 9
746830 5
406310 11
969452 3
409836 14
523125 2
179940 15
898585 10
659930 7
610497 15
389148 6
505410 7
488238 11
459271 8
684545 1
42275 16
591701 8
843232 12
341040 8
730325 14
507757 12
61675 10
185347 5
800632 6
644331 9
746565 16
44281 7
583428 6
539685 7
749471 9
458594 16
108914 3
650260 3
528091 10
762347 13
771203 8
674510 8
346237 14
822075 14
383434 5
672529 9
647237 6
961328 14
164904 11
352386 12
960628 7
913902 11
807877 10
53239 4
31535 5
103022 12
30213 8
24113 3
349294 7
548396 12
802338 14
277272 10
148820 10
192003 11
996190 14
533512 6
459516 10
934840 12
374309 4
557736 5
679054 1
851012 4
213917 13
452013 1
647351 9
909966 10
874826 1
211184 1
874740 8
920298 9
570571 6
895618 7
617982 5
263319 16
746454 10
427807 11
793250 2
466823 15
349211 10
660847 16
397052 4
151356 7
851427 10
369282 3
138491 7
821459 15
66578 14
921549 2
83908 4
797384 2
249345 6
374415 7
635340 5
334678 8
255903 13
37403 3
972431 14
773030 13
137102 9
676836 15
118870 13
867243 11
435188 14
410504 10
887392 4
30485 4
676120 16
67473 11
4268 8
443297 1
815500 15
580617 3
284569 1
826642 1
785726 12
334876 3
137052 6
10119 7
308876 9
717397 15
409554 1
286294 1
670261 8
107443 7
903586 9
344993 10
689890 13
419806 4
681275 7
104199 2
174832 12
441122 11
225972 6
265160 16
543263 8
383971 16
539588 16
351104 15
488574 4
476823 9
11477 9
496795 2
458378 8
707753 4
645763 2
484329 9
490877 8
50752 13
677408 15
776529 16
824503 12
595879 9
323974 9
249062 8
173404 6
301001 3
426112 7
205676 4
786268 7
661939 6
602022 1
430269 2
111936 6
45752 3
965439 6
895343 2
43183 15
960237 3
514077 3
544740 8
160256 2
711549 10
223472 10
392004 16
437527 3
39493 15
448010 3
550859 1
58427 7
66281 7
517805 5
821802 8
541083 9
21337 7
491249 2
320680 2
356608 4
154970 5
536235 14
119795 12
557427 13
23792 13
368700 7
317746 12
626888 3
74304 12
574323 16
412408 1
789222 3
920546 7
707817 6
699614 6
934342 3
14090 2
850022 13
902475 2
849756 12
395027 10
901279 1
117275 7
351455 10
821630 16
920044 2
94369 4
696314 11
200777 10
173275 15
180453 13
67656 6
587117 9
75896 9
668992 16
496701 8
137212 10
244749 9
176567 14
589422 12
688983 1
165875 9
555041 15
528490 15
653412 7
275332 14
531417 3
706806 15
182527 9
996897 5
337199 12
162680 9
673609 4
556811 5
415800 6
952490 4
56127 14
155019 13
418550 10
536539 12
592069 1
599869 9
301274 4
116706 14
990854 11
832168 7
276748 4
181665 1
978079 4
877733 7
428738 4
355808 14
246595 6
480242 11
820315 11
149750 13
808024 8
602624 5
709590 6
392070 3
868894 4
401740 4
400098 13
551798 7
917124 16
468182 15
512709 11
750443 7
463107 12
234571 5
393703 15
801736 2
241531 3
437964 15
902978 8
346700 4
640518 1
574709 7
553862 14
850387 1
989464 13
432277 14
52561 11
183877 15
415600 11
559856 1
130362 13
22066 13
107100 4
517609 10
493288 1
559879 13
401779 12
458729 9
480640 3
279267 9
658170 16
420330 10
978267 14
768664 14
171629 14
996101 16
88943 15
449253 10
14047 16
112760 3
366057 16
660560 14
759081 11
72676 7
328347 13
173786 13
363941 3
534751 5
536211 14
177797 1
724021 11
175816 15
312287 2
6165 11
389308 7
305759 8
543142 2
795772 7
750850 7
708173 16
502287 13
331881 14
243814 10
877262 13
392056 10
417851 8
259140 11
482425 13
819693 9
859231 12
716171 2
284773 8
626995 10
385914 16
874932 8
762620 12
81044 13
926469 4
900494 9
989026 15
398391 14
524018 7
962626 2
719626 15
66081 13
606475 16
33473 1
934566 16
107033 5
739320 8
354690 4
513227 12
354088 3
524768 15
440235 13
315025 2
316108 7
198089 15
511053 4
933196 13
796166 5
586476 13
519346 1
745395 4
838630 9
231378 8
605094 15
550956 14
997890 16
59885 5
904600 7
418121 3
959973 4
337080 7
761506 13
732523 10
531517 16
952019 9
989500 12
389260 2
60496 7
83786 14
893407 6
263420 8
50185 10
984315 10
831861 7
878378 15
624337 14
654398 3
239233 6
230413 3
901306 11
232393 5
962456 11
265734 15
349420 10
474103 1
986861 15
209263 12
452315 6
194568 16
14745 11
683124 12
10363 3
537212 2
278273 4
691683 10
599311 1
252451 1
203314 4
736336 16
329434 14
247950 5
31086 5
801105 7
790972 13
809053 13
394716 12
175185 1
406306 7
307691 11
263466 6
64814 16
802463 3
717200 6
858505 7
969208 7
914372 5
268685 1
681957 16
509957 7
958949 2
702984 6
780602 11
65858 1
194189 8
681535 10
801552 9
355622 10
513020 11
763419 10
553152 5
374210 7
30660 7
791524 3
507807 2
254833 2
172647 5
145270 9
792337 1
702910 9
379528 5
292669 2
708290 12
101025 12
574231 12
692435 1
387295 7
838036 10
227740 16
878133 6
661806 4
101521 5
374959 1
395820 8
201133 11
652413 3
824848 10
228420 13
386386 16
741758 14
928949 11
31333 14
515750 10
393171 7
782005 3
649220 16
666603 5
264063 3
974960 1
810034 4
103867 11
469119 8
498069 1
130461 16
952783 14
352922 4
996675 9
225330 8
518999 2
991434 16
608485 1
46586 4
763661 3
797724 7
354139 14
730439 13
468787 14
563078 16
191802 1
648594 15
364784 5
460540 5
271908 3
712170 12
853733 13
793913 6
251696 10
352601 8
588044 8
394115 5
945235 4
728236 6
685063 4
930785 13
234295 9
417662 14
87420 6
558055 9
658169 8
290906 7
121165 8
475589 15
204466 13
577028 4
650555 14
515848 8
717477 10
892216 7
513291 13
867462 7
29128 8
177863 10
57372 16
867802 6
291134 15
906634 10
395158 1
632044 16
149895 14
538133 13
771992 15
171472 7
737392 14
471085 5
785768 9
49343 15
954219 2
712329 1
984517 10
336632 13
321102 12
519996 8
480082 9
14580 1
775876 9
810761 1
715477 4
585562 6
42071 11
347337 12
858333 16
834556 16
288505 16
467288 2
538497 11
964814 15
303551 5
129403 16
953981 13
449865 9
562513 14
399846 15
462590 7
483508 2
784156 15
192633 8
548144 16
18638 2
659026 4
18438 7
931247 2
851135 1
420770 4
424817 12
252835 1
430839 12
642128 10
443307 8
252423 14
79659 13
894194 7
594017 9
88729 12
448591 4
48775 16
789908 3
543102 16
61319 4
25197 9
669821 14
603736 7
557563 1
220015 8
937929 15
734456 2
968888 15
906596 5
63554 3
640695 13
395857 1
211804 4
576243 13
435294 16
122179 11
635940 8
277319 7
841131 14
143591 5
617930 12
685963 10
82739 8
799587 16
222709 16
486963 4
424890 15
944650 6
640330 4
786728 11
73410 5
589377 2
292719 13
158446 15
750558 9
143072 9
452343 13
46599 7
627875 8
31780 4
145598 12
633476 16
452159 3
553522 9
557331 3
493892 10
929895 1
55066 1
534626 13
306683 7
256850 10
677014 16
92198 10
54906 8
264243 4
299237 3
265839 4
625008 13
706120 12
964669 9
2898 15
866433 16
278357 8
712002 9
724179 11
187489 13
488185 4
978301 6
595525 14
103995 4
585007 1
62847 12
529482 1
384946 15
134455 4
954963 1
587747 16
829385 13
879755 4
256598 8
973229 13
369070 1
213405 5
88459 6
620607 12
563948 6
986131 2
801175 6
245390 2
158024 15
925338 5
769974 6
755685 7
685098 16
619306 6
7388 10
984742 1
662784 14
879310 1
716272 13
757494 8
57091 5
355475 6
794251 3
500247 6
76658 12
881924 1
482796 16
871698 12
378322 8
860299 13
616286 12
482939 5
469965 8
782245 5
617688 8
152976 5
711243 9
912158 3
888269 15
812792 10
581814 2
71534 1
340251 3
798685 9
798971 3
128893 15
945189 12
25903 2
681414 3
244760 10
653297 4
176183 3
938289 16
143814 9
708545 9
359362 3
964787 2
218032 14
248053 11
171652 13
563577 8
549610 14
201745 12
696071 7
510736 5
382490 13
624894 12
226118 7
862107 9
605631 16
242611 16
993650 10
556274 8
26853 15
921521 1
221834 5
441495 9
541575 8
113779 2
405206 9
359889 8
723234 1
275493 10
840598 16
784968 15
561055 15
300136 11
944179 10
563455 13
408399 8
552589 12
990610 11
677793 4
566943 10
852542 11
816312 2
9310 4
357221 11
640455 4
781517 15
340415 7
192577 14
904833 8
336924 11
506435 1
752707 1
256247 13
984036 2
890710 4
495872 13
860336 15
835199 16
390641 15
732853 12
891714 14
606329 6
780435 15
870072 10
744579 14
142421 10
587535 13
36659 9
293761 5
573473 11
269691 8
267148 10
322723 6
355516 11
153903 16
980304 13
125800 12
375620 10
222666 2
543078 8
943160 5
225612 3
726482 4
107472 11
346634 14
364506 9
534796 5
650986 11
355766 10
607547 14
238175 4
502400 13
106307 11
848391 16
365853 11
635823 1
115957 7
420388 16
823973 5
336522 13
283728 10
671153 5
697592 6
88454 9
789593 5
249848 16
27442 14
104208 5
491545 11
347449 3
132034 13
920068 13
778503 12
452905 14
76644 13
145688 13
459520 5
584087 2
940342 12
771093 11
359543 10
50377 15
757465 14
731206 8
929371 13
566321 8
498143 6
995862 3
744476 9
3077 12
93013 13
507074 5
935 10
694408 7
197664 5
970354 3
266846 11
459504 7
861366 9
61393 11
672383 8
486319 4
880425 8
623680 10
350414 3
196544 12
831477 12
555378 10
799609 3
890253 8
444765 9
305444 2
605377 4
560584 6
398735 3
575007 7
993500 9
256098 16
685138 8
58954 3
635967 16
210189 9
325526 14
962619 10
670884 16
288592 16
301291 8
873117 6
537081 10
330516 16
472868 6
200646 4
199920 10
635292 14
419630 15
629796 14
854275 3
238420 8
452889 6
400879 10
299880 9
985799 11
367657 11
94495 16
496591 9
172355 9
348692 11
292354 14
941558 4
425069 16
646338 5
291619 15
532981 1
704839 6
805333 2
98618 3
162633 11
754096 8
867890 16
107970 8
100818 16
267578 13
350595 8
810301 4
44546 9
549554 12
593054 11
579274 14
415883 8
103612 12
235615 3
436049 7
853794 4
238604 1
133508 10
412880 6
769720 6
559319 10
109218 9
353207 2
519963 15
119853 3
338168 13
213217 2
379006 2
350491 5
912104 4
323226 13
23223 6
914779 15
968321 3
34547 15
846531 7
750523 12
68469 7
649278 8
471335 13
927029 8
183441 3
376698 4
632605 4
506407 6
493000 5
627989 7
157981 2
309352 14
734485 9
632978 2
232924 3
696868 12
215150 4
773949 2
68208 11
21066 12
513433 8
322780 8
273510 12
362755 13
851951 14
898280 15
386763 4
707458 1
620186 13
159783 7
260970 1
250107 16
731509 12
719650 14
705943 9
48156 8
927475 6
495731 1
729876 3
448086 16
356233 1
586774 1
449762 6
676877 12
868470 12
668320 1
617105 11
618333 11
870750 5
305497 4
75880 11
131710 6
34861 2
336734 7
433740 8
782388 7
222609 7
346388 16
480555 14
925236 4
335805 1
644498 15
434939 1
342528 4
786208 4
388352 11
839117 6
350308 3
648132 4
349728 1
283148 3
890492 12
913026 14
406729 4
395166 5
927659 4
28577 5
72386 15
818030 8
600458 6
266817 7
913688 15
523110 7
503146 2
587543 11
43271 16
523874 5
849585 1
469670 16
608127 7
554900 3
289188 2
743053 1
962655 3
407159 10
71723 16
605279 12
596198 9
133866 15
517099 8
101139 13
73873 8
585237 16
533422 7
913758 14
343063 2
590947 13
616414 8
834918 16
863058 1
532983 8
165475 1
778164 7
826168 15
946441 8
65783 13
983625 5
204027 5
264418 9
390837 6
199607 15
170914 16
10757 13
208865 10
550337 9
795773 3
750306 12
999122 3
263549 5
887346 16
286405 16
598991 12
238914 5
140965 7
462817 10
201746 11
868376 5
88692 5
107853 4
314155 9
434429 15
691009 13
283855 10
818588 5
96929 9
425808 2
7637 9
621599 2
655617 4
424754 8
922307 13
204691 13
11548 9
565604 1
977124 10
985182 1
452257 16
647276 7
352731 9
451250 15
827063 2
547141 2
708806 13
885630 11
682218 7
693236 15
536794 4
766690 15
922795 4
887122 13
662596 8
441131 6
471362 4
159330 6
92763 5
409997 2
128623 10
722637 10
58145 15
987987 7
118832 1
498372 6
642042 9
889889 10
893533 1
594155 2
221234 7
706071 12
113719 7
700957 15
218394 11
92971 2
427663 16
866017 9
56514 3
148416 15
718041 9
834031 1
266328 2
544684 15
498431 15
171294 15
728467 5
554899 9
261921 7
916908 14
226004 11
315142 9
298036 14
153464 2
342173 7
839593 13
170800 16
712401 14
468762 13
517828 3
523737 4
266783 7
862758 6
256173 2
453076 7
375043 11
281111 10
620260 2
781909 5
575607 6
275017 16
751451 14
566999 10
815945 2
879446 1
490901 14
746044 2
535397 13
401358 8
821489 6
995175 6
149049 12
314921 11
356422 15
415953 3
892097 13
893923 14
606789 5
201716 10
344837 14
280041 7
486942 8
250226 12
345743 5
134394 4
185316 11
336197 7
459684 12
868262 6
83665 15
37692 15
472542 12
149850 1
934841 11
216619 11
916290 16
268345 9
759102 8
533542 13
110406 2
319846 11
708067 9
190593 3
901538 2
776092 6
57401 15
538360 4
310607 6
65221 12
279516 6
327303 10
78627 12
119586 6
475831 13
512298 9
85998 2
54521 10
342792 10
715809 8
597811 6
979443 3
555047 6
78527 3
464179 4
139999 16
119182 16
634631 5
318270 15
349025 15
757275 13
727432 5
757502 4
42970 9
813456 16
804871 3
404396 1
495449 12
216267 12
477921 3
466771 2
629481 7
891658 16
35741 15
580651 16
718286 2
290136 16
423045 15
760318 13
923232 16
922766 9
914750 4
125507 13
48712 14
823716 13
171254 4
290157 4
694761 10
413821 5
943649 6
136446 8
509969 15
937359 1
503411 4
140281 7
166520 10
51960 9
895576 11
905400 13
264364 8
329969 16
567676 3
611605 1
903404 12
347312 13
138780 5
456295 7
267669 13
938043 12
776473 3
976102 8
347634 10
385828 4
701118 2
13869 14
223416 14
47229 9
472287 3
115096 13
221762 16
450188 6
430609 16
338878 15
18179 11
756214 4
630434 11
446007 15
586572 2
70341 15
368848 2
579776 3
545108 6
16092 13
396078 13
891593 16
609459 12
259219 14
352023 4
943409 16
454860 6
808706 8
149427 1
132063 6
298110 5
942805 10
161286 14
990999 8
68388 13
919968 11
695995 10
715381 5
794014 7
821857 13
637499 12
664868 6
979146 15
968336 6
593434 15
951712 4
438442 2
54639 9
505818 3
470365 7
711276 7
585395 8
210682 10
556189 1
767904 12
82225 5
699427 7
887875 6
875035 7
602095 12
91508 5
161400 5
192670 3
845134 5
205693 8
741212 7
697047 10
567474 13
704106 16
560840 15
215923 5
914876 13
461469 6
195054 13
106246 2
704518 4
426447 4
308011 7
757774 14
809319 6
641687 16
83676 7
159384 11
479297 13
722514 9
680239 3
591975 14
480062 1
667069 4
661100 11
687590 11
988057 15
693822 3
741762 1
368441 12
229275 8
638477 6
581281 5
268497 13
101994 9
904183 8
871971 1
648744 7
474712 8
938457 6
423921 12
316442 13
750609 4
763248 2
795307 12
424038 11
635386 2
320102 1
147899 4
690008 9
403827 9
48371 2
832172 16
75495 9
859506 13
674084 9
760877 11
67163 6
196138 12
344764 1
447058 13
236461 15
124300 7
550250 16
2142 1
786872 12
613680 3
669360 15
877790 9
502445 7
627403 9
46600 2
147858 11
869699 9
94379 4
135309 15
324076 11
9307 7
921398 2
148360 13
598454 4
839188 9
700358 1
336492 5
691304 9
944869 6
669549 4
658958 7
968774 3
867254 3
634324 15
232954 15
215770 1
753599 11
106593 14
242983 9
269672 11
487733 15
556234 3
42938 10
637187 9
598601 11
335171 12
308504 2
404894 11
933804 11
429877 12
77041 12
361301 1
756928 5
728225 8
496270 9
56214 6
412980 12
423462 13
146179 5
288803 11
890828 11
48911 15
926936 9
229845 3
951543 11
258243 9
112065 5
568522 7
631101 8
315038 16
916983 3
313977 10
586576 6
712428 9
58554 4
437881 9
777177 5
972410 3
295023 9
820324 5
442206 6
316288 8
83382 6
176274 8
511337 7
669161 7
987140 14
616241 4
927741 3
776773 6
45604 16
907423 5
379598 5
782502 6
59092 3
234180 1
65109 13
43648 9
722716 6
750678 11
213229 10
497403 10
132135 9
743252 1
397921 10
344317 14
973060 16
548353 5
337304 5
196448 11
574225 8
754330 7
278323 1
762353 12
785982 15
251401 1
570794 8
313102 2
740550 16
957707 1
228469 11
769354 14
927613 4
485586 9
504869 9
777912 8
944701 12
746902 10
744737 11
874597 6
276818 13
434142 16
313102 16
158337 6
475319 15
972959 9
431367 11
855117 7
414461 2
679176 1
485858 10
997063 2
897361 13
826681 16
241462 7
935383 3
764705 16
316892 1
450189 3
482008 6
993634 13
148232 9
311033 8
431821 3
200906 6
913571 5
472138 13
403620 11
251169 6
363048 8
252507 14
436167 6
138513 1
204543 12
935688 11
501393 13
62950 13
162105 7
590800 10
923080 16
160751 11
9198 8
195320 15
917432 3
654436 7
471081 3
29484 13
870548 3
952920 9
873131 15
249354 6
789287 14
593085 5
432724 12
507161 5
836332 3
769425 13
782998 2
292458 14
70692 13
739157 4
800323 7
474490 1
606983 16
796181 14
428352 14
163274 14
592632 9
833064 9
792825 11
998847 10
227220 8
151524 4
827617 2
896741 14
363490 5
500724 6
570808 5
504173 1
458133 7
908227 15
596406 15
478052 2
644287 5
581389 12
292793 10
450850 6
703945 12
355467 5
642186 2
231691 11
607377 16
355805 7
651177 10
774423 1
695278 15
277590 8
358227 6
622535 2
814922 3
885175 6
677350 4
9288 8
710579 5
32953 11
447823 10
694864 14
788910 16
519420 3
900006 8
454501 3
762922 6
625972 16
79347 14
1366 14
893884 6
739173 15
163137 4
633236 16
89254 8
995512 6
823800 12
834700 1
259923 8
384045 7
411016 1
700009 13
850176 15
944706 11
113423 5
610807 16
729184 3
553391 14
456126 3
432875 5
666980 15
453618 2
93948 12
341582 14
124231 15
82548 2
211579 10
958474 11
275739 12
137104 16
520403 12
222940 10
99275 3
89025 14
66024 2
154802 7
924527 4
539935 12
467456 14
183662 7
895914 3
659037 2
561204 6
483171 1
456353 2
912521 4
216617 4
337387 5
233426 2
495299 7
554973 7
144618 8
89564 6
57669 1
32989 3
985752 13
441717 1
514271 2
315670 15
202688 12
995248 16
15642 6
404534 6
649425 1
147493 11
10932 13
160603 14
401989 10
102880 14
91768 1
590468 10
162436 14
351842 16
138807 15
1051 10
241011 11
942972 11
6595 12
340193 1
719208 1
864203 2
638650 9
933344 7
138000 2
265825 4
822451 2
769450 10
635367 6
543902 12
109157 13
863629 11
292140 12
860503 7
473354 15
961399 1
132138 15
977916 8
483768 5
703710 1
739734 4
358540 11
539507 5
632968 7
338033 13
23730 3
560138 11
31822 14
478502 7
176645 10
586873 13
862567 7
158713 16
361043 1
785119 16
505845 8
252926 1
343019 15
654691 16
227229 16
563428 12
186709 12
737833 10
379476 4
372530 9
44598 7
626701 4
577815 16
730786 10
865397 3
146557 13
685095 15
194112 3
449295 9
900776 14
236683 15
958835 8
825307 13
256000 4
587827 9
275883 8
811661 11
448473 16
130723 5
486395 14
449902 15
56582 5
149337 16
794181 4
823447 1
38585 12
363163 1
568662 12
802120 13
449980 5
511921 8
796 12
84527 4
661093 9
223695 11
581422 13
911738 15
137374 3
287371 11
752242 16
704952 13
606774 7
491971 6
443536 11
937701 12
692172 2
253030 10
747249 9
389294 16
463294 9
599977 15
455197 11
950518 11
185417 4
398399 15
503794 2
452709 7
455193 1
582142 15
362959 3
871920 5
142384 6
591272 9
236206 2
669355 7
359202 7
236886 3
92884 5
392710 13
703023 4
300604 14
949308 8
485451 12
905142 16
545128 1
404148 11
196568 7
620436 9
263214 16
992675 16
529238 1
672532 3
810992 8
329037 14
592157 11
335436 8
961863 3
613223 8
846061 8
913373 11
669544 9
168617 13
325963 5
471503 1
68830 2
648059 7
2136 3
852331 10
698926 10
849667 2
731291 6
37035 6
182148 12
451044 4
314848 4
173534 8
501647 3
882484 16
783401 15
104225 3
734146 14
955431 4
592266 1
821067 4
823846 8
213745 11
732212 12
820818 6
981264 6
155175 9
608634 15
24121 8
229201 6
686801 13
142937 8
450799 2
842216 10
902421 13
972036 10
98292 3
974843 9
48259 1
463061 13
77513 3
453499 7
537201 9
507574 8
804572 10
2748 15
121435 8
399762 16
496556 5
978598 9
692369 16
225181 9
639886 12
604979 2
332425 3
505865 11
854154 1
241931 11
339653 1
442991 4
717623 1
489094 10
895566 3
407347 12
602547 12
682200 12
464677 13
334789 12
540570 11
144223 15
136319 15
709291 14
874106 14
421180 12
677942 10
27120 9
43032 14
279361 13
832050 4
314005 9
790639 14
284780 10
581430 2
130526 12
70578 8
540074 16
55574 9
889536 9
861119 13
154779 8
919361 1
271580 14
675801 14
187153 6
682435 13
625754 2
226508 11
217091 10
940964 9
410586 3
678284 14
494482 11
365348 8
260845 7
456761 1
773597 14
818108 1
149662 4
10307 8
783254 6
898083 6
479220 9
905106 3
386963 9
130092 15
165503 16
727234 7
619426 8
859863 11
284429 15
933897 5
995003 9
86631 16
664790 2
801718 3
912663 3
605746 7
159989 5
446485 4
700362 1
417884 2
564035 8
516983 13
625098 10
557922 1
804877 7
258475 15
711522 8
557283 6
8643 9
706529 14
672818 15
610577 1
15784 14
271394 16
732125 8
400449 4
965425 14
341266 2
53366 2
578738 5
386927 14
604960 6
712481 9
71728 12
692087 1
854162 7
939328 10
917341 6
335096 14
2617 8
620819 1
369157 10
935146 4
820602 4
27097 10
231817 11
560506 14
600685 7
833810 11
36195 5
331958 1
226615 15
761970 12
598477 8
628487 11
635630 4
162029 12
777096 6
301608 7
665826 10
238858 14
125338 2
96551 12
258033 15
513263 16
73328 8
49763 9
171818 13
61494 12
778126 12
891540 2
547053 15
619773 13
324623 5
773975 11
610154 13
866973 10
140817 5
658749 8
936561 5
67824 1
833581 12
701609 12
278139 16
704765 2
851711 4
52357 13
835494 12
685459 7
690479 8
786009 11
309440 3
306901 5
929109 8
928088 3
756987 9
954126 9
493059 8
244917 16
668148 9
962890 13
594082 15
482985 9
134897 5
108718 9
891941 13
114082 3
540136 14
905084 2
592439 2
444739 9
841442 12
933255 1
577400 6
885489 7
592468 3
319098 5
73845 16
641360 13
22641 12
236028 1
549365 10
149774 14
139482 11
743706 7
943530 16
197801 9
708046 13
868069 10
9846 9
674316 1
768349 14
952775 16
998285 15
663338 8
728315 15
568986 6
285715 11
146278 14
624053 5
600313 9
790641 15
643203 12
367616 7
46924 4
858735 12
394269 14
213854 11
967770 4
830594 9
733288 2
121795 6
534562 15
460857 7
611191 15
165274 13
258582 7
413310 9
414101 1
587865 5
751603 5
684041 7
167477 3
870911 11
385601 12
626686 8
377467 9
288260 2
671461 16
20495 12
299323 1
314656 3
812245 14
901997 6
555513 10
277108 11
161757 9
932209 15
226436 11
545958 3
293408 8
358819 15
943994 6
852369 14
279259 15
283902 10
175887 9
455500 13
256998 15
44612 11
2589 13
841340 10
556036 10
996078 8
866760 6
98113 2
886677 15
318655 9
736443 9
687107 16
40325 1
889741 2
915567 5
241051 9
626372 9
826845 10
904127 11
331031 5
731987 1
205011 12
636575 1
759447 4
54287 4
784156 16
443218 3
277582 4
468411 6
988403 6
791972 2
141258 7
516571 5
27558 3
402658 2
821771 16
452391 1
11820 4
817478 12
277095 15
433088 16
995126 6
879831 6
309645 15
185586 11
739116 7
561370 2
565906 1
971365 12
756507 2
478100 15
770716 1
422487 15
556991 4
965211 9
517772 11
17653 11
234109 6
732487 15
704337 8
966678 10
642522 9
243904 1
176477 4
717199 3
922451 9
381174 1
45588 7
39162 6
792535 7
168890 5
356136 1
766642 16
678698 14
91127 3
381915 5
843319 11
34907 11
986586 5
914224 1
700069 6
257198 6
572271 7
94299 14
714422 2
935705 5
703019 12
901043 5
138764 3
94468 16
955849 11
296218 11
600597 15
471165 5
227440 5
239525 6
915867 11
335207 15
148875 8
218304 2
441058 15
774966 8
392492 14
418879 14
1217 14
458232 8
472174 2
788207 12
519677 4
47498 8
841337 12
955943 3
307706 6
519871 4
995391 12
876279 1
71113 16
511723 13
33937 6
260656 7
474120 12
517042 7
747594 10
439711 15
552576 11
545638 4
155192 6
965407 13
242337 6
851809 4
626623 10
267669 4
959310 12
95929 4
390309 1
662699 5
324002 15
989454 5
267272 9
566214 10
490419 12
690921 15
15606 10
245251 16
309680 15
88301 8
347112 3
349241 9
144995 5
982147 14
945541 4
2819 4
543880 15
923556 5
543892 11
348167 7
724249 8
903822 7
613282 15
801521 9
940142 5
471483 14
989490 6
944572 12
332848 2
586052 6
290465 16
373979 6
362869 2
762797 8
578164 1
252954 13
924129 16
992378 2
875039 5
847072 6
687663 7
808805 7
926085 14
840907 9
613081 4
480928 1
856781 5
170092 12
585413 7
595497 4
903178 10
282235 2
483195 16
178695 1
369597 3
459837 2
591874 12
452098 16
973915 11
914464 11
934373 1
669548 5
80952 15
425842 2
532026 9
332660 2
225344 8
485046 4
690379 8
986849 16
961807 13
276191 5
146652 12
369789 10
349056 4
351697 10
691466 11
758459 8
609323 13
611692 16
593755 14
410210 6
202196 2
245357 2
983712 7
742527 13
111956 6
209266 12
716447 15
869630 13
887774 5
957919 4
278457 15
193307 12
29759 11
833906 7
182207 14
175385 15
259465 16
891556 15
580074 11
780735 10
503582 6
704869 12
151654 12
538406 15
699812 2
909460 9
725045 13
838762 9
807326 16
831435 9
805868 3
483889 13
594430 5
556795 13
245904 3
583381 9
201956 9
777252 9
673522 5
362032 13
32278 5
876734 1
344063 6
130589 4
719742 11
747167 6
328031 1
491700 16
410274 5
667340 1
8936 6
234210 2
312626 15
158732 5
337890 8
967225 3
399552 5
489712 1
683373 12
895733 9
498182 8
529187 13
611166 10
330013 2
508175 7
814011 15
663473 5
747871 9
994099 9
967397 16
817236 6
240330 2
243986 8
782931 14
767115 11
994086 1
932021 9
860963 5
692011 12
926955 11
817188 3
260362 2
85782 13
121625 15
970918 15
578692 3
661858 9
964426 9
708799 16
733251 3
855649 7
669919 6
639282 14
558698 5
480452 1
248718 14
53876 5
828144 5
331286 9
48954 2
747861 11
768656 14
277398 13
344408 7
717402 4
875332 1
692434 2
965243 7
261972 7
791325 4
990783 5
360901 16
918447 4
727564 16
387515 1
20988 16
738845 8
626682 9
566035 6
793634 15
195638 2
79615 15
136448 7
612617 14
351266 11
386294 5
159912 11
160793 8
564054 4
719699 3
48195 4
837904 7
828531 1
960370 4
677796 9
91990 2
153831 10
295825 15
233387 10
174266 14
937518 3
457347 1
512130 15
158839 15
342040 9
809352 3
828848 3
409256 6
942114 4
687840 16
603025 6
951928 5
897326 15
695536 5
140985 10
418948 9
666351 13
158640 14
625199 12
121330 2
314248 5
826514 14
616532 12
382942 14
518475 6
801035 1
209760 11
226255 3
966392 5
954533 9
15109 13
793671 3
816090 4
675462 2
180567 10
689062 10
427731 14
109984 11
886353 14
961252 5
356370 14
533108 5
642464 6
908416 6
807431 7
671080 9
15259 5
558442 13
850155 8
139557 13
423979 7
120317 15
598437 5
998411 4
469733 7
913470 7
861661 5
438729 12
277565 2
276924 13
306557 4
877494 12
678820 16
404103 9
936346 16
936803 10
741610 10
520513 3
385363 3
576981 7
309209 8
163722 2
433522 13
546609 6
179733 1
814373 14
17210 15
794111 8
330535 7
418988 15
586677 2
950140 6
425094 16
281142 10
401155 15
183009 15
231440 2
860807 14
124621 5
227063 8
471541 11
157367 1
263003 11
85445 1
184245 8
229868 9
430060 9
287213 9
859933 14
93611 4
594289 2
935012 6
915338 3
812177 1
519791 3
849616 4
782923 6
133140 16
973774 5
873937 3
874963 1
887637 14
110759 14
890007 9
822883 9
834375 10
252418 10
107625 9
485386 15
578222 4
174859 3
737660 1
48150 4
646251 7
906188 6
744688 5
275315 10
196706 16
123029 6
858663 16
423139 2
826736 15
632999 15
442393 1
374615 3
283714 1
23245 14
253681 13
493189 14
574734 10
366781 3
815686 10
503233 4
739593 11
769014 12
680585 4
682880 10
474110 8
352169 13
242507 3
91220 2
482075 5
198881 15
783618 14
722677 3
562817 5
598791 14
840729 8
175529 10
575170 7
785821 2
457831 14
550543 1
59923 7
523799 3
833276 13
41288 16
284842 10
843417 1
950447 13
451189 4
758424 16
686388 7
412582 4
631219 1
722056 16
976722 10
157164 5
419232 3
301486 13
816928 6
811862 8
9014 11
561241 6
438139 8
893862 15
675309 14
215811 3
698345 7
426467 8
663285 16
901800 3
145009 10
991566 4
935550 2
793232 7
124396 8
623320 3
291508 10
227621 1
874012 5
351334 12
576689 2
384352 7
331540 5
547721 5
749165 7
761331 11
341997 3
680871 1
972757 2
970006 12
577128 16
183196 1
982471 10
61275 9
655904 4
678068 16
110797 16
725020 15
469860 3
567347 11
356733 15
131261 7
725298 7
218229 5
17591 15
126772 14
707301 15
572733 10
711564 7
475026 4
539631 10
489539 9
962921 2
497175 15
35721 4
627545 2
872370 6
791502 1
391212 9
926213 10
889879 4
280705 13
560809 9
674952 15
608579 6
730023 15
453567 9
256550 9
520292 14
261210 14
803575 5
74303 12
696319 7
492894 16
493178 2
309706 7
695286 16
632109 7
172948 5
917819 10
877018 11
842252 1
735325 7
565952 9
921927 12
811315 7
622416 7
40144 15
763287 14
204708 13
349166 14
422539 15
411468 11
485250 12
262416 13
92197 3
428175 14
132301 3
825064 10
158571 2
934880 7
409184 3
998111 16
681196 2
177251 15
332405 12
397115 12
393047 13
424910 6
569632 15
347005 2
928408 12
169969 16
827676 6
340959 14
162255 15
923913 16
79560 3
532879 15
688632 16
926402 12
149945 13
910659 5
998873 10
83691 8
344680 7
472696 3
247639 10
295220 15
503339 7
276994 2
239493 9
765257 15
731386 7
718046 15
760705 6
177823 6
84130 13
973644 13
345918 7
418507 11
242295 15
269636 3
350940 13
742581 9
355339 7
290129 16
482566 12
258387 8
4028 10
869703 11
381299 15
456998 11
895657 12
104775 8
392805 8
575916 8
731381 2
332213 11
990183 3
532923 12
579326 4
634446 8
14876 14
134309 9
299379 5
508392 4
601787 2
642192 6
863586 1
933047 2
838972 4
26803 4
246591 8
612755 6
964102 7
894393 6
782905 4
350201 9
956563 2
868242 10
616064 15
447840 6
619529 4
135420 12
322859 9
330210 3
694248 8
77967 10
450706 8
18702 4
231315 11
18568 13
170553 6
87380 1
365382 11
780055 4
168018 10
387953 3
268444 16
212881 16
92549 16
85744 13
522472 10
669666 13
842519 3
17636 3
511809 5
894193 15
683369 10
478841 7
554358 1
715658 14
953388 12
989404 6
706943 12
353430 16
269454 3
948128 7
329924 10
845274 5
288135 12
870399 14
129850 14
33050 5
752645 7
350342 7
291495 15
521250 6
849464 4
858040 4
762437 16
997906 8
73185 2
191344 4
45098 5
416312 16
898867 2
380027 8
615627 14
551335 3
344625 13
332086 1
986272 9
545227 12
467733 12
639455 2
464561 7
869003 4
471211 2
268602 3
284841 13
281680 9
987181 4
759109 13
285410 4
516057 3
677986 4
958748 15
379099 6
326444 11
531097 7
145208 12
637318 5
137174 2
572665 10
263829 2
734750 11
106493 16
6429 7
285817 3
440422 3
939484 11
332504 11
149644 5
534943 2
970442 14
179151 7
531339 9
808632 10
704761 12
823645 2
668616 11
122388 7
474521 7
271446 6
792633 4
393804 7
165012 8
241302 15
606475 13
674655 3
339296 10
401693 8
373935 2
940624 7
713671 12
509415 16
201681 4
965823 8
554520 16
592497 10
652846 6
690439 10
56541 8
180819 3
319206 5
31416 15
528791 4
873055 16
851586 16
648378 13
275866 4
871845 10
229098 8
959783 5
946650 6
999089 4
589385 4
491490 1
157651 13
773056 15
737172 9
893949 2
977546 16
175764 11
686141 15
533780 8
981575 16
177440 7
337755 12
434698 6
574796 2
256559 8
853681 1
695429 9
889564 13
722885 2
591093 11
11776 8
802731 4
534473 2
187452 12
828000 16
54615 8
347053 10
633781 8
384565 8
763031 3
705285 2
671885 14
417374 8
291104 1
879237 15
484863 15
113612 10
68063 14
128874 14
945984 10
927254 9
802395 12
625121 8
415716 13
318661 10
71985 10
114277 11
209351 9
91807 1
527890 11
537215 3
617425 4
74723 5
961832 12
897541 2
324023 12
65146 3
474621 5
557976 8
269372 3
851060 10
158847 2
907101 2
779986 3
540349 9
381968 6
905238 7
579801 8
461633 2
854586 5
856601 10
892904 1
118931 5
765711 12
250824 9
463211 5
292183 12
326923 7
444896 3
572847 3
787125 10
415190 10
190806 4
581294 9
773804 13
26197 15
258806 6
250752 14
881887 8
268860 16
321949 14
480821 5
591280 16
220584 14
288313 15
647015 7
684373 10
854845 2
450493 16
114905 7
642267 8
645849 5
988139 10
597234 5
383538 3
962171 4
286229 8
347542 11
339382 4
829151 7
794172 9
331353 15
496758 5
924575 4
886915 3
730215 9
306186 16
535582 4
570216 11
677485 12
613141 6
956187 13
835615 14
462551 13
310431 14
272615 5
361958 2
768534 16
824040 11
929092 5
942802 12
452820 14
324838 4
643810 3
112553 3
923042 13
271692 6
303461 8
242958 8
973205 11
589305 14
293018 6
753286 12
640898 2
167867 6
949357 14
56138 3
845467 3
780322 6
566218 16
533404 11
45982 5
210535 12
485415 16
797933 9
19492 1
991243 8
839022 6
388649 15
921982 6
70569 3
581920 5
427770 3
435546 11
95050 9
159747 5
770906 2
514148 13
540587 12
833926 9
46664 11
422022 16
265671 5
536235 3
181958 10
625797 14
336957 10
646308 14
520361 5
321373 11
256572 15
468762 8
442943 8
351682 13
713499 7
717541 2
534049 5
359730 9
432623 9
924405 8
514239 2
863584 2
136261 3
357779 9
666863 15
117287 13
553458 5
136209 13
623614 9
399556 10
609018 1
600085 1
431008 4
628891 3
661024 7
78150 6
50383 13
468601 2
244180 13
737092 10
443973 1
170447 5
894982 11
99062 5
150662 6
42176 13
557906 4
339106 5
561515 6
578441 3
162330 12
46855 2
735391 11
903945 14
767249 15
839268 6
964029 8
588112 12
444088 1
796950 11
724317 4
550386 7
661139 2
393945 6
235095 2
918220 1
501324 7
711315 11
693721 11
385617 15
439941 15
63646 6
898032 4
658819 13
925511 4
508818 10
339411 7
50360 4
937512 1
394963 9
932564 4
460705 11
151655 7
226876 8
697395 16
176623 16
406445 10
297219 12
637544 13
263734 11
131478 14
269424 11
