2881
477289 13
826081 12
419775 7
10070 13
795211 3
869142 12
132847 16
357660 8
899706 8
869168 3
645631 3
722861 2
336918 15
83840 5
640247 13
855101 7
83975 6
285560 6
233933 15
577700 2
960704 6
216316 1
687383 15
909789 7
416734 7
734713 16
126909 5
12417 13
955517 16
334581 16
408928 7
736993 14
876515 16
773014 4
15379 10
335711 15
227507 12
771229 13
317828 9
745752 1
67579 1
92143 1
122569 11
288283 6
50924 16
566656 7
946137 11
929091 12
573075 13
758618 4
159971 10
867166 14
630944 14
264970 3
284866 14
654283 4
990573 11
547421 7
885495 11
36004 15
211470 16
469307 9
351715 16
442604 6
959449 1
281137 14
825213 12
632628 2
210971 10
770236 4
506860 11
633285 7
186265 8
263280 5
946431 9
620541 7
370806 6
966517 11
185792 6
923569 3
470878 7
212071 7
529583 1
649343 16
207027 5
773433 6
630106 1
734378 10
725208 5
298394 14
362545 10
319669 2
104199 16
81446 16
444085 8
417166 12
448527 8
543563 10
919456 16
294920 7
99640 7
278072 2
961449 13
646876 6
654960 16
613695 1
459385 5
5310 15
484600 16
288409 12
665624 13
684421 11
176384 13
402376 14
663852 1
503902 9
388736 8
561557 10
241753 14
680261 15
839568 7
110853 12
433050 16
261702 16
511503 13
194084 6
738766 9
533878 4
529335 3
966304 4
754489 9
548886 11
94071 10
816996 11
293618 6
185234 5
26589 15
301846 14
356895 16
881310 13
578171 8
964437 11
104319 16
147586 7
681251 8
106757 3
614281 1
55073 2
419461 12
536170 5
734831 13
92168 8
305088 11
917171 4
117373 10
914990 8
644830 13
581628 16
436073 12
678334 3
170976 10
349700 13
841785 11
272099 4
907885 4
495920 7
989861 16
988230 2
994149 1
298625 13
787025 11
683445 5
246948 9
72313 1
181833 6
964535 14
745851 13
717272 10
630416 5
103177 8
641867 9
147580 14
719779 8
796607 7
945690 7
213779 2
644166 7
136359 11
673576 13
856750 7
988338 12
11880 16
258358 9
965869 9
713185 9
769071 13
714940 7
903726 13
610131 8
753152 7
496080 15
303493 3
217923 1
441075 8
122638 16
770858 3
905231 6
955793 5
34370 13
163082 12
770987 4
677708 12
437868 2
240631 6
945639 16
208833 1
797301 6
761106 15
694922 3
136548 6
67606 4
132783 1
566865 9
355466 1
194272 2
478280 7
32340 3
404265 10
923784 14
42535 7
823217 16
56259 14
952750 7
839284 16
648328 4
272922 12
281860 12
184167 16
235777 4
384385 4
970545 4
980578 11
368475 1
822903 10
234803 7
481652 12
681899 11
77869 2
528248 9
544410 8
453163 6
473745 5
672905 12
9274 11
386803 6
875540 14
40900 6
571866 3
899442 2
309183 9
205012 2
187997 3
582409 2
779208 7
11821 15
451532 7
616942 11
380782 15
84006 1
878595 11
373582 16
964081 3
63620 3
948823 9
71728 10
578069 11
791476 13
578 5
638528 15
518713 14
760481 1
916523 4
110151 15
552029 15
558184 9
558907 4
754806 3
903690 5
896852 3
19140 9
991912 8
5347 14
633378 12
705097 4
492861 11
467098 6
714443 5
695079 5
943006 11
356748 15
510570 1
339556 3
28602 4
36615 11
156954 11
61809 5
726635 3
336356 3
766167 8
974572 5
930919 14
470958 6
516766 11
835211 11
196978 14
529028 5
339261 8
391392 11
969767 9
259911 12
638448 1
66649 12
617542 1
208905 6
469557 6
686523 12
409233 12
556229 3
23390 14
366404 8
658128 2
454543 14
277949 3
552210 11
439863 15
709167 8
551214 9
472141 1
631801 4
277995 3
83385 2
458373 15
752106 16
665382 2
62038 3
404231 3
476878 8
84839 9
916257 6
183334 7
96592 2
264232 8
740919 3
632836 5
865480 13
660431 10
721059 1
544750 14
80434 7
386524 4
41735 1
754308 6
485592 7
682841 14
56854 13
373459 13
23486 6
850 3
280100 2
407394 5
240733 15
640199 5
480997 10
262980 16
408687 11
493473 12
850189 14
642275 2
666149 6
172744 9
694860 11
715376 16
609065 12
177393 16
136970 5
937689 2
533113 3
543503 10
914876 10
235821 13
65712 11
295132 12
529993 11
354386 6
965373 15
460950 10
315894 6
433567 10
718474 9
470131 1
681449 11
940757 14
452582 3
94919 10
72643 4
646727 15
139553 10
74402 13
817966 15
167166 1
312495 12
510899 14
499797 3
792855 4
845820 13
730022 10
388987 14
910103 2
65504 1
898871 15
394370 12
164729 5
404812 3
809538 12
7508 9
490023 9
749507 4
750826 4
821056 10
42263 11
198472 3
219869 9
23208 9
844443 6
362806 7
396970 10
238084 4
738526 15
261526 2
297222 15
600620 1
71724 10
32763 5
844316 1
968075 2
771510 14
886772 7
574862 16
60161 10
2181 7
132686 7
778595 6
992032 14
770621 12
801285 1
196274 12
204127 7
668671 15
243360 10
585299 16
659665 16
28988 4
178440 2
752904 10
636133 14
114007 6
468724 8
896771 14
787458 9
731534 9
344275 6
415839 3
295886 8
112078 8
521816 5
240662 12
94123 16
174353 10
414916 1
800701 5
987750 5
933435 4
191580 12
768778 5
488279 16
960533 1
714214 12
99220 16
234592 14
673792 6
490907 2
275391 13
431702 6
495947 2
763737 8
59729 9
580716 8
236549 12
793505 12
704096 4
24844 1
865367 14
980983 8
947174 16
44892 5
843507 5
134856 10
82368 6
668450 3
975094 7
819711 1
494948 5
76687 16
538501 1
836117 2
632227 15
185014 9
483309 6
276221 15
254819 6
256507 11
807058 4
753739 11
798026 13
827772 6
582046 5
369401 16
715633 11
118518 12
582233 8
892169 3
624297 2
780713 12
23356 12
836122 2
759941 10
583034 10
489236 9
380047 11
839901 10
627498 11
287253 11
276854 5
134372 8
793180 2
478007 13
794248 16
230123 16
582619 3
887727 2
166265 14
745983 1
400632 7
766743 5
7712 5
626549 1
498730 1
913059 7
417656 13
310840 13
178553 9
799000 2
778365 13
8285 15
624580 7
354960 5
585504 13
636110 2
695262 3
654955 3
781625 14
597719 10
983142 9
871280 4
641419 5
469761 4
546498 15
973273 3
268575 5
17458 6
139501 2
823009 4
545855 14
416691 3
76177 9
47689 1
136094 4
837013 12
325335 4
910831 14
603386 8
972972 8
127206 1
441956 7
404056 3
805303 1
22790 6
681640 14
338656 16
129887 1
427109 10
341201 5
530514 5
227450 3
773941 12
632010 1
720479 6
499540 3
644797 4
529076 1
64793 1
795398 8
866772 13
84467 13
845210 4
868696 12
943277 7
549461 7
583146 2
157709 6
259144 14
835975 6
464125 16
25511 7
378983 5
694642 6
106787 3
104950 15
131303 13
951685 7
396315 9
757951 1
694498 4
392588 16
782313 5
134954 6
639584 12
853227 3
968316 4
499512 5
932508 9
919341 6
112482 15
703832 7
226174 7
841121 5
583510 9
981242 2
151046 1
776139 2
745570 10
758207 15
286088 2
145467 9
242513 8
480292 2
591374 7
83088 4
138922 2
822811 11
909733 7
919966 4
263401 14
124835 6
369928 10
558739 3
525145 11
441301 4
433806 11
754402 7
740164 9
841159 2
84678 12
881158 9
978851 4
621393 12
667389 16
110403 1
68083 7
968516 1
800075 8
514658 4
595422 1
871607 14
946513 13
873147 11
676547 14
760522 16
414795 16
646444 13
655398 7
340907 9
490266 5
723653 6
413391 10
60176 8
718126 12
306491 5
990204 2
595045 1
956884 8
32170 13
707507 4
921628 16
137792 12
486787 1
271783 1
29647 12
143738 10
76616 3
498157 4
667595 4
752646 12
938959 8
385687 13
614261 10
832061 4
5977 2
198874 9
343275 12
792897 15
838855 9
434688 1
932028 10
960868 2
880933 14
492099 1
311824 15
203005 5
37417 1
927927 8
422965 2
961781 4
542127 14
885905 6
79906 11
243353 5
969553 11
156507 14
245646 10
170885 15
296623 13
288885 2
487609 2
491016 9
269730 10
314827 10
208700 2
410240 11
116514 3
258298 4
586053 6
740247 15
795714 7
980959 16
57067 14
534532 3
900580 1
442 10
889468 9
771913 1
169700 7
454959 1
907715 10
419016 12
682049 13
863293 9
317670 11
986400 8
725803 13
298644 12
403479 9
739115 5
888443 5
392481 1
693463 8
160750 4
257363 11
196620 11
448982 1
696850 10
978919 10
905079 9
285499 3
332203 10
170029 6
295226 10
426396 1
252037 1
644001 13
961176 11
610336 9
57425 14
469497 5
758420 13
206684 10
391308 6
466126 15
886913 16
766696 2
594727 12
502482 13
870303 3
45747 14
299145 13
973828 11
372679 14
131984 15
207104 7
449607 16
916338 6
261023 9
684408 14
322841 16
373404 3
551685 1
808440 15
95262 9
545798 9
370896 4
962249 10
285878 3
970805 3
341005 1
683060 6
274513 13
634562 9
489016 1
373585 2
950048 14
443241 11
354372 13
491757 12
998522 7
312994 14
12241 14
612303 7
879500 14
576004 2
718814 4
992686 15
288789 8
463883 14
862025 14
693393 16
901593 11
634841 11
5583 16
593639 14
373589 3
445679 7
807247 13
273338 13
879527 12
880051 8
482207 7
486213 11
437562 7
971522 12
512383 13
676280 13
222905 8
316319 15
954816 15
425059 9
591905 5
659164 6
931218 2
711387 8
646235 14
478389 15
69140 5
427862 2
672911 16
331832 4
295142 6
164594 15
784728 9
541437 1
943885 1
588265 1
921978 16
538965 9
456037 7
795036 4
928926 16
922156 11
463837 8
727866 8
192037 3
292055 4
820533 15
961166 11
173738 9
46764 4
752199 12
644858 9
441096 2
732661 3
277557 5
862903 4
665242 4
803576 9
301239 9
919696 4
514264 9
469796 4
624813 3
977845 15
583771 3
752172 16
137636 8
225304 13
348148 12
143952 2
118371 16
571374 4
803900 9
599833 10
713525 2
632037 16
870803 9
716239 2
328561 7
345547 13
407045 16
856929 6
566079 1
279362 11
786867 1
853074 2
935383 16
39189 3
792276 2
982818 4
317874 5
914633 13
224403 3
592242 4
430635 16
846047 3
948447 14
618402 12
635719 10
520518 14
197846 5
759730 9
630169 5
278339 7
442489 6
755564 9
949575 11
136407 2
373066 13
581493 12
471268 10
972155 9
978942 10
770737 14
504842 10
357822 16
501268 1
309239 4
337269 2
380803 1
672653 9
706285 14
30941 2
512314 16
472278 1
94667 8
720432 13
279237 8
829557 16
804975 2
488653 6
95923 9
704517 3
367203 1
154940 11
751486 12
192340 13
409260 12
497020 12
206150 14
293709 2
754492 4
90653 6
107748 1
253319 3
106823 7
223778 5
357055 11
632513 13
39481 7
229454 13
737980 12
261186 6
858031 8
529331 14
897213 4
268669 7
3282 10
542290 8
866736 12
48451 16
360640 3
102656 2
752806 14
783737 15
129015 4
193221 10
816082 9
469539 4
496166 10
316923 14
298916 6
413273 4
886487 5
375657 10
891534 6
5251 10
531321 2
622690 5
225367 2
59714 1
739512 12
296360 15
817217 7
40408 11
595671 16
914060 11
830272 15
557138 11
571809 1
411189 14
983577 2
688976 15
657960 6
296965 6
641480 8
967997 10
113825 12
438948 4
398646 16
255155 11
126517 15
790626 14
454103 12
995550 1
719054 11
641251 15
985177 8
850836 3
904214 12
188397 14
116848 2
532284 11
579930 13
619070 12
748208 4
672359 16
29822 9
27851 9
722561 9
215295 8
199621 14
852985 5
227620 6
529124 13
372712 1
45242 8
960030 9
984577 15
529538 16
536905 10
782356 11
545532 5
780928 10
861659 15
488354 15
580393 3
249993 9
869346 2
549784 3
621740 2
571293 9
422142 7
389671 13
704303 16
363283 9
25468 3
882297 1
893070 8
392739 7
962852 2
329757 5
750591 16
595038 3
596260 13
613133 4
992646 10
542583 16
945553 16
881411 15
404141 6
783106 13
644130 8
417834 16
392922 10
47026 11
686382 12
728900 2
87682 2
576141 1
328442 13
515419 15
337339 8
941150 2
998345 7
148234 14
216415 11
876636 5
358915 5
74808 5
796255 15
568138 8
492216 5
506140 14
681758 7
188091 8
395461 7
712232 12
762033 8
923930 3
523964 5
632316 14
184895 5
112739 3
789800 6
82763 13
15942 15
572107 2
918822 15
378328 5
126291 14
524004 1
712469 11
603197 7
44161 7
723109 5
889776 12
363100 14
775765 8
659068 9
921783 5
395646 1
199565 13
988190 14
701947 13
616787 13
236937 11
706557 8
512921 10
766137 12
566267 12
67857 10
416890 16
54360 11
825656 14
884884 8
23518 2
67229 14
950329 15
848901 1
98688 15
71383 16
780427 6
660021 8
164284 8
956556 14
998043 3
36315 12
729652 15
939635 8
381008 8
321051 2
544199 4
260198 3
256218 10
325333 7
697393 7
209768 10
16232 5
97035 13
221254 3
435551 11
850154 13
142782 3
753887 5
248963 3
436351 5
655789 13
715466 9
980526 9
569111 14
432174 10
189629 1
16978 2
603879 8
910477 16
800108 4
483492 4
35892 14
331635 3
873133 5
947967 8
746752 1
688313 4
432722 4
329577 4
650618 3
774366 11
305066 15
875962 11
853719 2
195710 12
212550 3
219439 3
429525 3
343113 14
433029 1
567802 16
167478 11
975765 15
705034 5
582941 10
25634 14
159273 5
80437 15
916498 11
767507 5
219730 12
823115 15
770910 12
976852 10
178017 15
780367 14
599005 10
846844 15
176774 15
991749 8
605356 5
21401 11
839071 6
524974 14
325551 16
670199 5
583825 5
15118 15
104690 13
57692 8
196454 2
696928 11
863490 3
539520 7
388350 9
580680 9
703138 2
572751 7
897676 14
309770 3
809768 16
585759 6
485404 15
904892 2
554213 13
182271 10
114447 4
836960 8
132412 5
402911 6
289110 10
687617 14
223624 14
878381 8
640820 12
529213 2
860754 13
903562 6
116256 11
385537 5
328104 9
775462 3
162890 1
526731 2
377983 13
660935 2
49661 1
476615 13
920616 8
902943 10
382184 4
432304 11
631219 6
514699 1
414416 1
213416 16
43199 8
306184 11
46588 10
38764 11
458179 3
926314 13
295686 5
81832 8
287316 1
794875 1
308592 1
21707 14
49185 4
263117 11
908909 5
972716 10
925586 9
414187 1
967461 9
748716 3
274675 14
726736 6
850373 2
273327 4
40680 7
920607 4
349309 16
71399 8
426685 11
837497 15
619491 1
13703 9
564925 2
682040 10
878901 12
500907 10
560123 10
107963 4
539685 5
60307 11
94438 11
679702 15
620702 5
261205 2
209076 14
350432 4
282038 16
142307 6
797544 10
270018 9
779597 12
705796 1
969027 15
873951 11
320755 2
450811 15
372003 15
620115 11
252420 7
653722 1
897919 8
379153 11
896292 12
659084 8
252377 3
639762 5
738186 5
292241 3
647757 16
702894 9
783680 13
279821 1
657982 2
833021 6
995128 16
818924 6
880513 9
385672 11
790351 9
25482 12
511241 9
926564 11
860722 7
669452 11
658048 6
751925 7
604201 11
612146 6
401859 15
764012 12
780044 16
860720 10
53518 5
510078 4
748862 7
618781 11
79983 5
755712 3
832860 13
168277 13
918522 7
258668 5
625081 4
562328 13
381610 3
24989 2
677509 5
691319 5
812473 15
800178 2
811269 1
393120 1
1409 5
19040 7
683199 5
106591 13
422916 10
782992 12
40251 12
367932 11
309186 8
670273 11
599157 12
377514 12
595671 15
440147 16
557977 6
26454 12
149446 11
317497 7
327830 1
162189 14
920244 3
344187 7
155040 6
716592 13
642431 1
649037 12
493291 3
773659 16
819931 16
672301 6
509212 13
682244 11
952833 9
703323 15
559560 2
153070 14
332811 11
362037 2
829140 7
348251 9
566175 7
786173 15
833185 10
567423 5
598134 1
819953 14
448683 5
711858 8
706077 4
396509 3
873142 16
75478 5
379417 8
776717 16
981372 8
932870 4
858329 13
80570 15
101543 14
525823 4
841021 11
298551 2
703618 2
493626 7
394899 15
977224 8
46166 9
967486 11
881644 16
428825 1
530676 2
313086 11
596251 13
492817 2
899493 9
543615 10
669337 2
437547 9
619766 1
907107 4
62232 11
579579 9
208436 11
496690 5
168285 10
873636 5
716189 9
432109 16
338215 5
747046 14
361451 8
125446 9
74730 12
516225 15
713668 11
164598 13
7088 9
861339 3
712294 10
546707 10
838327 2
237468 14
108014 2
487590 10
833867 7
476831 3
657313 10
408121 10
875217 4
393759 15
247698 1
756888 14
912876 3
817495 2
567169 3
130438 15
656334 5
68388 5
210753 5
10873 16
807633 2
363146 2
40003 3
727355 9
240987 7
746283 11
740232 1
689034 13
493138 13
748631 8
234967 3
501065 16
870612 12
670747 11
56468 7
731471 10
692772 8
153294 11
56332 7
346058 4
840490 15
43478 4
962710 15
622322 8
960353 7
316616 7
917599 4
254289 9
86296 7
725685 5
29383 9
975818 7
620007 10
421537 7
451933 12
327824 14
237851 13
402112 1
415493 6
88306 4
911778 13
699396 3
388244 5
450190 7
132612 16
335916 13
136245 13
888157 4
996649 7
78316 4
243499 11
698449 11
621755 11
832377 7
272652 9
361502 13
335237 2
413636 9
261190 2
856969 5
842654 8
993922 11
446558 6
894288 16
277957 11
959744 14
46436 10
314736 10
149443 6
853698 8
385256 3
185307 6
116849 7
824297 1
782433 1
145561 13
261547 16
690513 14
544884 6
995679 5
407287 2
59775 4
934035 3
641864 12
35259 6
666129 16
590427 13
489123 11
794026 9
633382 7
901743 11
373582 8
949195 7
134381 15
897755 1
218164 8
306610 11
677828 14
819878 11
223203 2
52453 12
820692 5
17786 7
490856 6
432053 2
207277 11
275132 14
381488 12
21749 3
224479 15
639910 1
91746 12
117620 15
609430 16
20973 4
910844 16
663417 6
307765 7
104644 9
408328 6
708859 13
914693 10
976074 3
346388 13
965312 13
465048 6
700440 15
700127 13
381868 7
701398 15
469771 2
824941 10
954547 9
473968 7
469821 4
754189 1
155309 14
835027 9
840830 3
616176 12
148677 1
853818 14
405324 1
15312 9
897099 10
106361 11
280539 13
951747 9
772128 15
190705 11
186895 9
823648 15
858171 3
235357 13
813347 15
69124 9
351617 14
460937 13
835275 15
287487 2
23365 2
994534 5
60454 2
533853 3
36454 11
113839 7
514493 15
245979 10
210828 4
60384 13
277603 6
116461 16
494514 14
485598 14
757544 2
39408 5
793889 12
883482 2
753846 16
911838 9
395490 1
241124 1
634034 13
804493 12
651738 14
358021 3
802921 8
819478 1
143562 4
103179 5
395081 10
675802 5
138692 8
973713 4
551510 12
727824 9
985343 4
266426 8
410872 15
854300 4
545173 6
195996 1
158122 2
645682 5
824870 15
936287 3
939477 8
201421 2
825986 11
678905 16
576987 8
887654 12
47027 14
200749 6
727212 10
785199 15
960623 4
778542 8
319511 13
741271 2
60574 7
539788 5
865721 6
44017 12
272670 7
901354 11
769418 2
634345 3
343816 3
993508 9
957447 13
980747 7
196200 1
815211 5
709269 14
354280 2
728142 1
167953 15
888533 13
251030 6
333960 16
440270 13
334087 1
920065 10
674673 8
648566 2
444058 10
588111 15
869791 3
201119 11
725254 14
168106 1
678511 5
967475 4
390097 16
54323 11
364154 4
63109 4
728537 9
557510 9
769844 5
187703 11
713231 10
105911 10
439994 15
461050 1
763201 2
912916 3
179200 15
973498 8
32365 9
740275 14
138601 11
24557 8
113173 2
81637 15
964054 4
127548 6
622698 16
899625 2
620661 16
486072 1
265625 2
861772 2
889837 6
540825 3
902550 11
309841 2
869137 11
492127 16
333596 3
320825 14
105579 13
842894 14
71082 4
556183 7
948155 1
558859 9
738635 14
575853 13
206806 13
942556 4
178952 9
944250 15
742696 12
363647 5
206034 16
934964 11
219295 5
977160 7
189986 14
297244 5
676673 15
563122 7
798547 7
688453 11
706805 12
259828 7
229397 15
843816 15
422819 5
597442 13
324206 6
506603 2
570715 16
799376 12
753778 9
763 9
463617 15
238835 15
214791 15
633842 5
427467 14
702068 1
707433 3
619168 13
164933 2
189417 12
29138 7
303960 2
161091 1
973231 9
106541 1
759797 12
143495 1
506496 11
73370 11
477200 12
897925 4
339701 7
527283 5
805124 7
994887 15
715282 3
280724 10
897497 4
570428 9
976488 8
479983 4
609967 10
484553 14
736029 4
973829 11
137673 3
894330 2
171697 14
671090 15
455474 1
444707 8
822053 16
373352 3
794333 5
484898 14
63436 10
831300 1
26599 9
331934 6
609589 4
339646 11
618723 15
718448 15
272765 13
799663 11
888248 10
874856 10
992477 12
633694 3
845039 11
765849 6
462274 15
680060 9
85042 14
760574 14
498073 14
924276 12
855944 1
781800 14
115765 7
834554 6
802691 9
188686 4
358188 8
816583 3
812340 5
651508 13
222030 6
702295 7
384317 5
218027 4
229418 13
162747 1
743695 2
17814 11
582824 13
682922 14
837013 16
121969 1
62575 15
938405 8
569293 1
762626 6
767881 1
100919 11
796155 15
347564 8
72952 2
105338 13
55558 1
509021 8
496877 12
954635 1
502649 1
39120 3
399478 2
514069 7
872500 13
515466 2
367789 4
104388 11
45007 3
399046 1
962394 4
983175 1
739342 15
279045 12
537406 16
805107 14
754714 6
227074 10
510370 4
469630 12
8600 12
349006 9
549596 9
897943 1
610983 15
198172 6
313102 7
286101 1
689569 9
867985 16
75969 7
438489 3
702381 13
944839 8
707114 3
245427 12
200380 14
778815 11
664358 3
351273 1
318909 3
793518 15
809379 2
573096 16
575274 7
984418 10
916632 4
589744 4
81856 7
598128 7
123118 2
916603 11
274627 13
64627 14
358646 7
666464 4
796904 8
944869 1
467566 9
867376 8
108463 12
273968 7
688390 14
398630 8
453352 13
89402 16
440470 5
94041 9
33826 4
440642 9
352834 13
26267 14
399443 16
159109 1
402534 7
678096 5
55523 16
299869 4
365816 14
116136 8
831238 9
798044 3
439619 2
18382 15
325698 14
16421 8
611319 13
117173 11
639237 10
409484 12
785236 1
212461 13
700778 14
295396 15
298519 8
486974 6
577382 9
681212 9
577819 10
109929 11
473212 1
765411 14
652766 10
255659 10
138231 9
153390 15
996927 9
883549 13
119520 10
662986 7
707997 7
934788 13
131748 7
132008 13
929174 12
781871 4
468324 3
546768 3
575910 6
296300 14
369094 11
161584 5
344799 9
50036 1
680827 6
997172 14
735601 4
328998 1
401645 15
924416 11
919479 8
129696 10
598626 4
1895 12
333665 13
611358 10
569680 14
49290 3
327499 5
999650 3
486745 14
888454 8
127985 7
108935 10
49507 2
820555 5
955578 11
834641 15
213628 8
657065 15
975599 14
251423 10
706689 7
949751 2
518641 8
709192 2
360154 11
29650 16
702271 5
420172 5
138137 6
720401 5
637647 3
641252 14
566219 16
763928 5
526294 8
529141 4
953479 15
364265 5
465482 9
447927 5
281173 6
71384 3
597365 14
982406 6
142656 5
428106 7
330940 4
340134 5
146882 11
440417 10
92949 8
572765 1
181793 2
828499 16
995452 8
980681 3
145227 12
81854 6
796878 12
786005 14
294942 12
572153 11
288934 12
522833 3
930872 2
859112 11
676911 6
281217 8
481077 14
337303 1
127367 6
556623 1
585338 1
17069 13
379311 9
827862 2
811621 6
428007 16
954691 7
577274 3
356909 16
831182 11
707087 7
925994 16
287409 14
997242 12
706391 10
798280 14
522680 15
644422 7
916892 16
980964 11
263328 7
302387 11
289286 16
678209 3
395708 12
479174 4
720213 7
863254 7
145516 11
599472 9
876252 14
795668 11
975099 15
375843 1
767884 4
580749 11
719458 16
367502 3
730489 2
785913 6
119312 6
922660 1
349964 14
48852 14
646001 15
380276 5
437926 12
592623 15
867359 10
338713 14
327904 2
526361 1
631430 2
436826 10
365496 14
494465 11
654084 6
529031 13
506721 6
870129 11
16131 9
769163 4
483017 3
184209 1
435626 15
559208 6
426985 3
446083 11
100992 8
346236 13
72502 4
935804 14
836156 10
514673 6
209738 10
165134 4
356439 6
202457 12
24181 13
58224 7
879818 9
335573 3
802648 15
120100 2
951868 4
870096 7
640821 14
45449 5
670715 2
668263 14
351409 14
759874 3
809250 9
905193 8
703016 8
375296 1
213010 2
437782 7
768463 8
786968 14
51902 5
688352 9
318391 7
17889 13
208162 2
562460 8
549531 4
528212 11
909004 3
71641 9
668556 14
34543 2
836712 14
285626 6
278224 6
812029 5
83921 6
636904 9
898654 9
236121 11
995917 8
637694 3
546338 15
98317 3
322858 6
496326 10
769830 6
636275 7
198498 6
191412 12
185461 2
387243 5
650657 13
77012 1
32929 3
351004 7
389774 16
881233 12
175150 5
78185 5
773601 2
279614 5
822364 15
89912 9
296172 3
812325 3
446082 11
562048 15
27758 12
687968 15
119849 8
391385 8
493340 4
103657 3
268336 1
212267 13
192399 16
558082 3
536257 8
78460 2
596787 10
250518 5
324138 5
26859 15
884559 8
107574 14
484111 13
26969 9
624123 13
913814 12
276702 5
345423 10
425009 13
128707 10
143005 1
318939 4
95736 1
63141 9
659301 7
642394 4
664471 12
993166 14
81074 11
822882 15
8334 14
993894 9
579540 1
260522 10
76923 13
158677 13
98895 12
857684 8
710938 15
801989 14
850167 11
703164 5
472574 8
907516 11
629074 14
189237 16
672312 8
894135 4
989258 10
617728 7
620095 6
325819 12
60979 9
728309 6
329017 9
200883 16
611905 9
905847 6
127231 1
910476 1
12219 6
322499 9
17044 5
592707 3
189987 10
336937 1
934335 13
466732 9
768273 5
614761 13
341831 11
47126 3
10149 12
148888 1
907424 10
759466 3
878912 9
188582 10
402325 1
428832 7
113430 7
640171 9
101408 2
422390 11
487073 6
870144 6
949818 14
545774 4
496707 5
20232 13
148838 1
819875 1
982891 4
410109 5
180816 13
355277 15
912244 13
597998 13
667754 6
705073 3
339360 9
241240 11
164305 10
949256 14
489643 5
762389 5
459628 2
687226 13
633473 6
93860 5
686275 9
23610 8
422818 13
334634 3
168770 7
906324 6
128207 4
33600 14
950406 3
478128 4
957265 13
618669 4
147422 3
244497 9
571264 10
586013 10
74819 4
443512 7
24527 10
89689 14
843800 9
471787 10
908653 16
725411 12
46889 5
122956 7
847414 16
272666 9
588043 6
488490 10
739710 15
892065 11
97008 9
24772 6
387945 12
546868 10
6657 1
522805 13
359052 12
401293 15
335988 13
914300 9
694878 12
518543 8
951956 15
160424 1
817874 11
64515 13
306968 4
794242 13
90176 14
21698 4
1364 11
141856 1
111899 10
729324 4
847470 12
772511 3
474527 8
565645 12
983244 3
639726 10
109303 6
1755 10
782479 4
647237 4
501464 15
182058 8
402729 5
168554 3
794164 11
870721 12
803685 15
201931 4
184348 14
651319 6
57224 8
491059 7
432373 2
301085 6
30364 16
516057 10
42701 7
555473 4
94171 9
897885 9
988184 8
742214 3
285935 5
298751 7
709258 3
405843 15
797598 1
618575 9
36109 13
662631 13
954803 8
832899 10
452872 8
356261 14
849187 7
26070 11
268212 16
7927 2
303646 4
99080 7
167845 9
516501 11
710486 11
957198 6
512726 3
580064 13
72216 10
924626 13
123372 2
312776 4
858620 10
302630 12
420683 12
927609 5
179963 2
71061 6
604155 8
845436 16
754269 1
641394 4
126482 1
317757 5
908074 5
719513 11
280618 15
565083 15
64671 14
206261 3
973992 6
366698 16
8617 6
738327 5
205515 11
799889 16
952257 2
903612 15
651565 11
874023 9
736081 5
381490 1
454112 7
596483 1
449617 5
857012 9
594845 7
541231 10
847536 13
980649 16
47874 15
335937 9
786236 2
23064 10
479886 2
275941 3
153480 1
204192 6
333829 16
506511 2
599216 14
78986 5
842437 1
1360 2
576366 9
930583 14
833023 7
598694 15
489916 12
685283 4
393846 2
347201 12
801700 9
383355 9
190738 14
127212 11
713882 1
370094 9
347627 15
228727 8
305695 15
365159 15
239245 11
983891 15
766955 3
724979 11
595981 4
880471 3
138241 12
6825 8
377567 8
150785 2
616791 13
348857 1
328759 13
268663 2
218278 4
381154 13
926319 13
368579 2
788428 6
652592 15
804426 5
824199 15
322757 3
398485 1
637462 9
88835 2
786308 14
668717 5
127135 14
41388 11
449087 10
957005 14
323814 3
623941 14
48204 16
438951 13
7917 12
120385 16
435424 12
259834 3
938378 10
228381 16
734619 12
141876 14
912145 7
224031 10
737958 14
12954 13
876169 7
534656 13
638541 13
912234 16
141984 13
741706 7
32217 1
11668 1
632848 4
972411 6
935550 12
965974 15
207228 10
207261 6
926910 8
959120 11
527810 11
581876 6
816718 13
794333 4
304653 3
449704 5
100622 2
788630 9
850609 3
194223 16
690433 14
908963 4
848257 14
650832 3
727976 5
706077 6
877513 7
614409 4
695024 6
280622 6
771601 2
922992 10
859316 13
538072 5
28282 16
35842 5
214472 15
234226 15
670614 11
146517 7
306673 8
652079 2
800857 8
777522 12
450655 9
768585 12
619306 8
320392 15
367638 13
271904 14
156476 9
626086 5
818251 5
718017 12
217976 16
99295 2
67970 5
200108 7
341096 7
134832 10
80208 2
238651 2
402799 5
962870 3
687703 8
631141 5
616418 16
733297 6
682748 11
996936 10
696838 16
550786 4
936973 11
399295 15
326481 12
966760 2
350765 9
627419 14
2611 1
808660 14
27383 15
888234 5
283835 13
250379 14
857091 16
183695 9
374583 9
831346 13
190951 14
863597 15
425110 6
184415 14
792111 3
248217 7
148414 2
220565 2
400302 7
958078 3
673973 15
650937 5
406879 15
447373 16
222359 12
991603 14
517683 1
735894 10
214691 7
945422 6
490511 9
508530 1
609646 10
787165 14
969482 1
647524 5
289811 14
609909 10
497989 1
431082 3
731922 10
325813 14
19919 15
70569 15
280533 1
296349 12
972578 8
403622 1
419638 5
412625 8
375932 15
166720 8
586192 16
644441 14
319152 8
16075 12
691135 13
294714 14
648612 6
739790 2
664597 11
16252 13
2216 2
807658 12
391823 7
334157 14
118326 5
204453 10
154496 11
377906 1
40515 10
434809 1
509560 12
276422 6
46995 6
819248 6
921767 10
501444 16
983788 2
226182 8
841547 14
889730 16
651120 12
805985 15
861518 7
546864 12
775674 6
548509 11
720890 8
104844 11
873955 12
111163 15
789488 13
282923 1
615559 3
805378 8
430393 9
78480 3
489201 6
735315 3
399731 16
176851 7
899344 2
657758 1
350111 14
662097 5
163958 10
303458 6
768005 16
822964 2
601244 10
42774 5
537218 5
113667 15
436858 16
820131 5
566415 8
895307 13
927041 12
211327 1
946262 10
382923 4
40038 11
907830 12
