2194
27942 6
561205 16
920162 11
161891 6
194671 6
164533 12
34976 3
285642 4
613197 14
296019 5
859252 10
254665 1
838613 9
483780 4
955035 7
850839 9
367798 12
403947 13
43389 5
776435 12
392280 8
507694 15
256228 8
369682 7
284285 14
817742 3
846403 5
788313 6
864348 9
650081 5
927116 16
365612 8
665624 5
495170 2
498901 15
332264 15
215037 14
338329 15
759864 3
159402 4
481629 1
993639 7
806738 6
379527 8
476608 8
634584 3
532148 16
184842 15
781911 3
828808 11
705202 7
858571 4
51429 7
388388 2
925224 3
879611 9
996040 14
161524 12
98126 2
367028 10
602729 5
500768 14
825060 13
343482 7
224390 12
953949 2
84215 15
10884 5
102394 11
837659 1
559167 5
397297 4
838850 7
647211 8
759762 7
964441 8
173422 2
479165 16
89756 10
239630 8
935186 14
123520 6
814510 2
168722 9
723345 7
466397 8
950180 16
117498 15
177037 15
876893 1
225281 9
200630 11
648101 9
134621 6
336641 6
922911 6
4061 1
598135 5
865612 11
65299 12
255226 8
343782 15
855596 16
742920 4
293796 5
339643 9
618204 4
506263 11
237196 3
63938 13
174368 11
216033 5
421946 1
992788 11
235179 10
479353 1
689010 13
939421 6
761286 8
157281 10
847346 1
775576 11
105711 4
604647 6
254550 1
194007 7
826804 13
425351 13
532872 9
992730 3
743995 14
77330 11
266877 15
172088 4
525021 5
286937 12
719155 4
246511 14
376940 2
852677 16
252669 5
928658 5
87907 10
79474 3
533808 9
411371 10
643364 6
721102 12
347402 3
640929 3
179265 14
493340 3
509278 2
83670 6
810851 16
676352 13
933937 3
88204 3
277720 1
94882 11
792640 9
94038 13
494169 8
424044 7
662994 10
84840 5
766864 3
622819 14
317048 7
453298 15
277363 16
486753 6
550015 5
71551 10
406200 7
21580 3
337682 3
795596 12
578215 14
23263 5
4690 15
175428 2
134953 2
476597 2
818203 11
480762 10
454104 1
48947 9
838508 15
983576 11
919374 4
154801 14
293484 10
867756 11
34343 11
199232 5
492755 11
504352 3
936788 16
20580 10
127551 14
398775 14
401615 15
991928 8
524838 12
845744 1
466913 12
332727 16
350690 3
500533 7
536470 7
896280 6
889954 11
798435 5
314199 3
921759 14
172549 5
388681 4
302033 15
178247 12
445588 2
319897 10
104493 3
738546 16
663724 14
524311 3
824395 13
675112 9
514558 2
768459 2
339418 7
615795 6
888255 16
564781 14
833567 8
273368 8
776837 7
844135 2
966392 6
421218 9
77473 1
837070 5
841486 12
70226 12
102051 2
334255 15
769078 14
555273 15
36504 1
259356 9
788667 14
176964 8
768861 15
129622 8
56056 9
627071 10
877521 6
758556 3
360471 8
871239 5
756801 8
980946 13
806135 2
592326 5
839695 13
281978 1
582662 11
112189 2
442405 8
499615 4
391850 1
685357 16
900357 4
431409 16
145643 10
129597 15
894003 14
765769 16
773958 3
820193 5
640281 15
955246 8
691577 15
32080 6
829657 16
899631 6
734029 12
496812 15
423590 1
152434 16
455596 12
22211 7
649843 5
996135 8
114071 8
923612 14
536180 13
843836 9
980843 12
379404 6
647428 1
161829 9
29810 6
983120 13
469894 16
406525 13
31413 7
367244 14
857017 1
173496 1
469100 1
673523 1
881356 13
502975 8
156817 1
626184 5
700675 7
201283 4
717788 16
532551 7
554479 10
346911 16
217523 10
277469 15
502365 14
645374 11
523190 6
591290 11
285467 8
445072 12
724759 2
602366 6
738384 4
640259 8
608502 13
122863 11
271322 10
56874 5
920627 1
51932 7
988592 5
180693 8
809897 3
983712 8
388112 5
992136 6
808221 3
178911 4
32014 10
970151 7
931360 10
59019 7
678949 6
216670 11
10980 15
763627 10
113327 15
378340 5
32373 9
426078 16
728824 14
761301 11
805974 5
971367 13
179000 5
500443 12
227870 7
253817 6
558497 14
46433 1
532887 13
640736 4
255557 11
269010 15
98841 5
328311 11
20503 11
349701 7
627387 12
234999 2
824180 7
115788 8
307049 11
83150 9
817722 2
555021 16
372190 6
857529 11
415812 12
975861 15
516267 16
509401 4
850785 4
819004 4
862849 1
730304 4
30203 2
912833 15
946853 14
428822 4
66344 13
725054 3
682586 13
678719 8
283988 6
666387 13
639196 3
18613 5
255962 4
729631 4
95635 3
124491 1
60785 7
243150 4
315995 3
240037 9
934546 16
603030 14
7700 6
604923 2
355020 15
470322 10
951660 1
152997 5
578770 13
502298 9
692757 7
90135 10
80638 11
491158 12
281014 6
363287 5
84881 16
865162 10
317992 8
230862 5
477994 11
283673 9
275317 5
488754 12
460974 2
981019 1
502954 14
711582 4
39587 2
526310 15
777238 6
533683 8
791809 4
467436 13
715293 12
916346 3
994755 15
866076 8
936559 9
428602 7
543104 6
610675 6
34370 14
981189 7
508526 1
210381 14
940889 2
300599 5
754493 6
411892 13
824165 4
356862 15
311307 11
685062 6
303286 5
533795 1
890016 16
918886 4
598204 2
693740 5
881576 2
836364 1
234220 1
127387 10
524185 3
739930 14
136541 4
709968 16
326028 5
407318 5
669482 7
12688 6
338233 3
18034 5
304537 11
669135 12
866979 10
514106 11
344728 4
876900 6
135687 3
679665 2
960151 16
921471 3
318040 10
437888 11
629324 13
154844 7
173863 16
607897 2
306748 3
353752 4
516630 5
844234 16
614846 6
922194 9
710706 8
45803 11
176476 8
70761 7
892559 14
370237 15
980527 1
989087 5
751292 6
821308 2
524473 16
238054 5
66450 14
774099 5
802594 15
550355 7
552938 9
168204 3
632075 6
821837 13
708182 8
655221 9
852758 4
131814 7
560076 6
20135 8
840426 4
165547 1
16717 14
245782 4
11034 2
432656 6
406673 7
968665 16
797424 15
535697 10
521969 5
627598 14
517873 4
48799 3
247057 2
675962 5
590996 6
321157 14
488772 6
445782 15
505234 12
235706 12
677765 5
711745 14
535316 2
140565 5
218447 1
522055 3
304688 13
636254 1
495856 12
594914 8
962540 12
25014 9
758266 3
345884 13
809380 14
921515 8
944021 16
57021 10
59437 4
218649 11
310692 11
979391 16
944602 14
481616 1
713285 14
89496 3
696897 7
120756 14
508867 11
13267 12
166271 5
713176 11
344875 10
141185 2
533852 14
730258 3
839152 14
76310 4
565807 11
558953 15
406773 1
168274 9
469217 14
931745 15
769831 11
996787 9
426466 10
811540 16
562176 13
608958 6
445558 4
416981 14
843461 7
247530 15
183320 4
347177 1
80078 9
147901 12
408968 16
287308 10
464440 1
13651 8
867992 8
17138 8
33419 4
709157 11
85608 14
609822 9
731235 7
236609 14
774279 11
125098 7
920552 8
761601 16
620833 6
495752 13
890028 3
919643 16
566362 13
154697 8
544418 4
609493 13
566755 15
79018 2
820080 6
388810 4
113961 8
167354 6
287273 5
539880 9
114986 15
214194 14
513900 15
271061 1
903799 5
982486 13
687217 3
526585 12
442410 3
421270 8
583149 16
562674 2
421564 10
882104 3
78376 5
227992 13
4881 9
400640 14
345137 16
946630 10
675635 16
580720 16
998396 11
405481 3
589267 3
751764 7
900416 2
204714 8
577298 2
472169 4
11990 12
88155 15
725389 16
7591 5
387430 14
427945 4
890694 4
134116 6
282935 8
704211 12
356734 3
203555 12
719710 10
138670 12
895281 3
231012 16
736749 7
812320 16
583500 10
714160 15
287160 12
70745 2
288411 9
687727 13
144430 10
394537 7
593634 1
243570 12
385258 13
364244 13
536718 10
237132 9
893417 8
128839 7
767320 14
460707 10
318 13
487140 16
968085 13
329156 11
19387 5
372875 13
613135 10
925565 9
870842 5
434719 11
398144 13
298812 11
815254 5
458515 13
532378 6
482769 3
549575 1
519105 16
687925 2
781610 10
344271 16
674048 10
229951 2
491311 16
905862 10
314510 12
207342 11
217099 13
123898 15
115580 8
103312 1
235388 3
647851 14
116485 7
14726 3
971980 14
958963 2
476850 16
269668 6
820918 16
552552 2
568018 12
606686 7
871645 9
161210 7
519360 4
602952 13
457373 5
337618 7
46189 6
201354 10
539490 7
831876 7
40283 10
578700 3
680378 9
37469 5
512193 10
778519 14
814811 2
288523 14
298266 11
940460 13
911366 4
537391 9
339586 13
996445 6
967581 3
987376 14
936482 8
856686 15
15422 13
423962 1
728911 11
605964 13
962786 13
766567 11
291938 9
674190 1
824386 14
912613 9
306872 7
564376 6
646238 14
771054 16
16758 13
702522 1
716250 15
650535 8
727375 5
591067 4
757452 6
998520 5
667990 3
604126 1
15813 15
416054 7
377775 8
362001 15
112278 2
242218 3
433607 1
118352 2
847043 2
138485 5
100393 9
876557 7
816853 4
586988 7
322938 14
650653 11
63232 9
955173 4
787273 13
786527 1
389395 5
360832 9
337012 16
798473 10
161459 10
3768 4
473452 1
354488 1
59886 12
47535 13
143604 7
397489 7
14935 4
540109 5
995281 15
938573 2
782615 5
351994 5
572463 4
872242 2
808216 9
56596 11
811002 14
578333 2
240552 14
228091 5
436492 1
480277 2
227923 4
753221 16
772858 3
791015 12
250386 9
457167 2
975152 6
730615 14
82706 3
843471 10
799013 7
399811 16
927813 6
387240 13
143764 14
761542 12
204129 11
56445 16
122717 14
225156 11
687417 11
16050 10
307204 13
617826 7
665566 13
849203 14
71824 4
275504 5
511272 8
58604 1
29292 2
143613 16
196016 5
545768 7
576222 15
808242 7
535391 5
67553 16
563005 8
938998 7
63847 2
409072 6
484530 4
809340 10
679066 6
377930 3
397703 3
643473 14
937877 10
92063 13
105947 11
157 3
370751 5
611320 2
335261 12
758111 12
73772 14
397187 4
806924 9
125646 14
425815 13
990057 2
158487 2
846969 9
599536 8
746159 4
85220 4
566037 11
659839 1
13870 7
704578 10
865811 5
173504 6
859727 6
459017 10
176204 10
766026 2
209916 4
347144 4
591340 4
426006 15
302696 16
430281 14
425771 1
709585 4
39648 12
65721 15
312234 16
266856 9
370585 14
57165 16
45748 2
614682 11
248864 1
506919 9
513191 8
551483 10
44673 10
400301 9
867600 11
401581 7
91698 8
9093 3
918489 11
63166 15
473767 13
910046 11
657148 15
501508 13
955679 5
233761 14
135262 5
640573 6
960631 2
269190 12
987343 14
914786 12
480037 9
816435 16
772500 2
84226 1
244008 16
85705 6
346976 1
106672 8
906134 14
482173 5
715151 11
693569 7
824117 15
724267 10
66592 1
57423 1
314067 10
591617 13
623991 2
43243 10
853958 15
381478 6
513501 9
2032 3
589662 15
13075 6
5762 1
516935 1
953598 3
452916 16
839552 2
369631 4
226421 11
110788 16
379583 1
165163 3
741463 9
406598 6
54052 6
424885 9
120256 13
526424 16
166742 5
306291 8
460938 4
410370 1
517539 15
721 3
814717 2
374692 8
491111 2
120593 9
7045 4
376831 16
89344 15
508763 14
453709 8
803696 4
218036 12
79249 16
389376 2
337598 9
644642 2
273412 8
12116 13
222108 5
305175 14
243842 13
509192 11
854307 11
996590 1
990560 13
360581 4
536284 9
626281 8
24840 6
104984 16
600543 4
119736 2
195104 6
158299 10
864717 16
659734 2
238147 11
603228 6
953491 4
859565 8
256929 2
120946 12
992210 13
676020 16
922670 15
353025 7
233424 11
547558 7
337592 7
765070 16
841626 3
906319 2
444949 15
704988 4
391838 15
720604 14
93838 10
686020 4
967814 7
532517 6
360974 7
747920 12
625104 9
813303 14
852517 1
649773 12
154055 8
266874 4
676977 9
121989 2
368035 11
803876 12
524130 11
71963 10
709616 2
167527 16
465698 10
687550 1
156766 14
623088 1
855393 3
624002 1
671459 1
357658 16
224301 11
858883 6
378169 9
290420 7
428059 2
219214 5
929258 7
497018 16
992158 3
792972 11
579996 3
434556 12
180963 14
273839 3
207220 7
999332 6
757794 4
254121 16
532369 6
151489 16
201344 6
740922 7
897809 14
82843 7
540644 15
906269 1
931310 9
746841 10
290761 16
541124 9
338531 11
62787 14
763978 16
753850 4
228982 16
174425 15
970428 3
822621 10
76428 13
263648 15
774494 16
896910 12
941621 15
405516 9
668485 13
533139 3
992966 11
447912 10
214042 7
248880 12
164839 14
699267 15
21383 5
418941 13
869749 13
756105 10
112685 12
11905 1
12067 4
890600 4
98500 1
602906 14
947136 8
511993 14
242146 9
265569 7
595283 12
116056 10
987859 1
379381 7
513312 10
944144 4
908347 6
381453 15
595395 15
979822 3
840931 3
459936 6
437182 16
17859 3
583345 6
493690 11
209212 1
484128 8
393878 14
345847 14
430045 10
203229 1
481218 13
850917 14
31067 1
513682 4
336086 4
364705 15
822966 12
918113 1
921780 4
481114 2
684618 7
224330 9
883837 14
274026 4
154520 6
367803 11
738840 3
171261 5
909530 14
476344 4
696967 16
462840 1
586330 3
105276 12
757493 6
59085 2
285500 6
382743 14
393913 14
508297 7
63176 15
974391 9
581568 1
184885 11
280718 7
978530 4
59809 8
510864 9
732942 15
960262 10
123192 13
431290 3
4027 9
318660 10
155094 5
756256 16
124953 1
58038 7
58762 16
29834 12
92614 1
680224 6
900260 7
913588 16
686599 7
723279 2
600512 6
181234 11
11023 15
93785 14
681425 15
727176 9
681893 8
966895 5
690886 10
455745 16
974408 2
822423 12
259434 4
160976 11
13269 8
77937 3
975412 2
511737 16
823165 13
794531 15
747134 8
729289 6
591479 5
655005 13
887193 6
403550 6
816506 8
109156 12
126419 9
613810 11
685403 14
789119 8
387536 9
218030 6
436841 14
921316 2
58912 4
697110 9
556640 4
603311 2
255285 9
159132 3
896273 10
331300 5
885660 13
539651 3
104096 8
169435 1
936823 5
741866 11
957530 15
572360 4
489421 10
301338 8
410990 16
346590 7
871107 9
285196 9
905068 10
301386 13
204988 7
552535 5
994112 9
558215 3
131866 6
421160 5
27907 12
574851 12
227440 9
217892 4
120388 6
113178 5
244003 15
423099 11
163946 5
378024 11
823155 8
105531 14
367656 1
491393 15
532700 10
677978 8
29989 4
564180 4
761205 11
342903 5
963778 14
98447 15
421068 10
763716 13
947920 7
686371 1
251827 15
72165 2
564342 3
846184 15
697786 6
107146 11
526430 8
577544 9
440707 15
813267 15
304376 5
274158 7
162128 2
523532 4
891101 6
603753 9
739116 1
424746 4
609503 5
821928 10
771771 11
158852 12
996400 12
155630 4
79587 14
385452 1
261891 15
508311 8
208846 15
956331 11
460554 7
682667 2
38978 11
388795 4
201707 7
420959 15
936348 12
635420 4
240221 6
925536 11
562403 10
136759 3
858490 11
549072 3
273963 14
770728 1
438310 13
962891 10
403356 14
675797 15
682965 3
809824 13
902020 13
372299 13
14917 10
208526 8
771873 1
522478 4
442301 8
62171 8
202024 15
372252 9
348935 6
229332 2
475146 15
804284 11
95960 10
778696 4
209053 1
94801 4
855748 2
604079 8
147919 2
584457 12
576532 2
521000 1
214249 1
752123 9
11558 12
457679 10
51045 7
970068 4
760694 4
307266 3
180734 6
859681 7
395944 16
354981 11
170188 16
246755 2
140433 12
100755 10
651666 3
249369 10
772457 11
657588 7
365936 10
131852 7
552242 15
335704 9
207828 12
804167 2
313532 14
894619 15
251225 7
15935 13
512672 5
548224 5
968966 8
390774 6
406243 11
115004 12
350893 15
520353 13
704212 16
445703 4
469472 6
571266 12
379191 5
807173 7
813492 3
132168 10
731639 15
988472 7
342438 5
830407 9
292352 5
977755 4
991859 9
684060 4
803367 15
505191 4
815180 15
193288 10
855617 7
234683 8
493178 14
980012 14
352756 4
930676 13
946026 1
779114 5
446269 11
407854 16
534178 1
505984 14
605267 7
864834 15
372019 9
645350 12
987068 10
229434 8
652558 3
178262 3
726468 15
392231 4
354075 8
658076 11
786299 15
310978 4
383952 3
23946 2
810565 11
334251 9
821195 5
519848 6
479724 9
885429 8
771766 2
965850 12
928383 2
68038 14
336162 15
656873 3
865829 6
612460 7
928774 16
498474 2
754497 6
795555 6
189773 2
637217 1
303882 7
572402 12
608722 4
131318 8
290791 5
266515 3
815247 6
575636 7
784267 16
96248 2
69324 5
749875 4
207179 8
789725 2
355704 16
695051 2
766498 3
498866 12
746393 4
859792 16
962138 14
951141 4
956008 10
560180 8
938258 10
596482 9
847236 14
35076 14
557917 7
939430 14
847715 13
717476 10
447124 12
476560 13
553652 16
656786 5
313960 12
948322 2
928390 13
223641 16
665917 1
114183 14
657629 13
237678 2
977998 7
890972 8
133615 8
665645 16
57901 10
475854 4
945047 8
94974 15
227120 15
597188 11
689416 8
546309 12
105386 14
605323 7
195928 13
783780 4
330192 9
777532 13
671924 7
135777 14
205485 10
140423 1
366126 10
811199 15
905875 16
659075 11
667171 1
833115 7
65259 2
656003 10
121580 11
463062 3
605503 9
709690 5
938789 7
312725 9
327500 12
627546 10
878385 6
672066 5
692022 12
730667 14
751590 8
460060 7
355543 10
945973 15
154469 6
993808 14
213541 3
128651 14
998565 9
294639 10
91952 4
452844 15
760110 7
544030 14
196321 3
725663 13
393808 2
853934 11
600207 13
408812 6
756953 14
881002 16
489407 7
663455 3
684327 7
461719 6
557836 9
131740 12
714167 8
158117 3
725020 5
891538 7
419793 16
946892 6
957527 16
926866 5
287035 4
603217 4
851564 14
858261 4
556555 14
692119 13
652124 12
634097 14
473366 13
904174 2
849906 12
678604 5
891616 1
14520 7
79678 12
347716 1
138893 13
320315 14
336181 9
543358 3
601939 10
755029 14
958218 8
112664 12
102792 1
140236 9
162144 8
732513 10
881831 10
473660 10
785000 1
497424 1
757807 11
166562 1
426944 7
506297 6
906373 9
96905 16
428388 5
496236 14
90668 1
825903 10
594107 13
525667 14
453880 9
359665 11
230675 16
398955 16
490731 3
97630 8
772059 8
574264 13
193244 8
441637 13
981872 7
603004 11
475978 7
280437 13
377991 4
544953 14
531738 3
561507 12
437807 6
441547 5
358208 13
666425 3
205063 6
653711 13
90401 3
177602 6
954416 1
672657 7
152606 11
262654 14
517901 10
589808 2
371939 7
571548 16
90352 2
326565 9
424130 16
460538 14
473510 13
836417 13
194561 7
138227 14
163186 5
237075 2
12438 3
799645 8
203038 13
261949 1
14181 8
596246 3
362414 16
935715 5
465679 14
859822 13
212057 7
304830 7
905440 13
399029 4
376670 7
840021 1
941809 12
387375 10
449380 8
151957 6
890870 13
32322 3
247345 8
713195 15
485049 12
755842 13
697239 9
605508 12
538461 11
813906 6
87936 10
647533 10
612657 6
366314 1
238140 13
945932 4
420434 12
93742 14
440639 13
274161 3
86769 10
648120 6
634236 14
677234 4
194764 12
890503 6
686821 13
871679 11
789564 10
358480 3
41772 8
827751 7
450453 2
476804 1
706494 13
595814 13
651735 5
622686 5
957098 15
548937 6
372345 13
966519 4
655737 2
133364 10
101949 12
51118 7
504813 4
129166 14
880855 14
146861 10
9503 8
186100 14
458333 12
629685 1
889689 4
401549 13
105410 11
443780 12
488523 14
629589 3
456777 15
146028 2
598430 6
708375 12
191693 1
551073 13
219095 9
501710 14
715372 3
517339 7
636625 13
94867 3
236401 1
677496 13
118202 16
71021 12
29847 16
776585 11
848131 7
449305 5
554093 13
16961 3
248477 11
260045 4
532452 4
729036 9
506451 7
943578 8
76101 12
583009 6
130634 9
678203 5
345388 12
373906 16
853200 12
538208 4
749988 16
5895 5
797736 6
904288 1
23978 6
347951 10
774946 16
190656 4
761687 1
833744 8
22648 14
857489 10
267446 12
7645 11
648257 16
722680 16
791855 3
299768 11
476330 11
196089 10
911646 1
25740 7
58484 9
170756 2
571453 13
620821 15
960193 15
468723 4
224131 16
971987 5
418889 10
36912 3
864583 8
646242 10
546825 13
350404 14
342426 2
865129 1
718872 8
833294 6
318094 1
960604 12
612249 10
284739 8
219908 5
298805 15
696736 10
491213 9
566847 11
978051 9
714811 7
805570 9
497581 12
911683 15
916324 6
807988 1
697828 2
417409 16
565022 9
774391 6
530001 5
253853 10
574590 11
284349 8
888445 12
949058 15
873151 9
635920 11
650936 11
517528 13
532801 5
790925 13
355685 6
303255 7
104864 16
307377 13
414977 15
705416 12
351373 12
213453 8
8504 14
20791 15
640444 13
855602 16
659051 11
505566 2
198271 7
985581 4
988012 3
288133 8
643885 6
485447 14
96244 16
138007 8
829768 12
176615 4
957595 11
460985 7
584227 4
573249 11
5799 6
16266 11
430093 1
611734 13
249123 1
240112 15
243752 7
330123 5
327246 10
922638 13
186491 7
567803 15
910005 2
938179 4
957307 7
863214 12
60112 16
265586 5
615390 8
860215 15
596998 11
33079 6
983941 16
328937 2
820366 8
646561 2
685925 13
320847 10
454316 6
460241 2
127672 2
701581 13
502531 7
210021 9
594873 12
271327 2
329715 5
157022 5
29860 1
747527 13
143157 12
81761 2
278461 10
49326 16
892304 11
761500 9
766032 8
897789 8
975046 12
194225 7
12040 14
356769 2
231624 4
90366 4
750371 10
779177 16
674135 9
243950 8
710323 9
929865 8
441827 3
521896 12
980091 11
44716 3
3507 8
458553 5
957345 4
721518 10
478663 5
903358 7
430482 7
957640 8
161391 7
158484 11
284994 4
765924 13
850869 3
673056 10
424083 13
550735 1
852119 15
74776 6
773337 3
624411 12
802487 7
943596 15
28403 5
147401 9
242800 16
524401 4
234743 5
497703 15
673195 3
674151 4
358272 2
875764 7
960813 12
577653 2
535816 2
360402 3
641943 14
459085 16
635735 3
167441 1
23321 7
981802 13
514336 8
194146 16
958380 14
461558 15
450053 13
107353 16
132010 6
241524 13
164113 7
751693 13
753708 14
40815 3
625377 12
404588 15
701364 16
954020 15
803038 5
93267 2
700571 8
430941 12
233021 3
909443 1
267657 10
171433 15
277529 6
852616 15
972084 5
830067 11
848954 14
283 15
738237 9
192163 12
713599 10
154116 2
881821 12
384125 10
241988 13
610004 13
98347 3
394257 2
277106 5
176781 10
642655 15
62694 1
549911 1
551301 12
556100 12
464586 14
201207 8
677670 12
755601 12
667130 3
161649 2
41779 15
171013 1
7561 7
5046 9
98089 7
347818 6
916965 7
441473 9
517020 16
773794 2
162241 7
491678 4
997312 3
242834 16
582984 11
621623 9
824833 14
318122 9
170493 2
14774 5
293585 15
505744 8
977248 6
343602 5
471047 14
977612 12
34251 14
803846 3
17666 14
805930 7
413240 3
707877 2
714496 16
174178 10
335761 15
288347 4
291039 4
972414 9
991942 4
379613 1
368796 2
449948 9
35906 13
213900 3
849093 11
984077 15
39875 2
864733 6
844020 11
814478 1
563217 3
37836 14
645090 7
296580 10
65563 11
845690 1
508011 7
233052 16
641709 2
920857 11
929493 14
763429 3
450187 14
240609 1
439504 9
372344 2
972155 4
318181 7
618742 12
368275 11
255760 12
752204 13
6145 13
516551 2
19389 13
132633 15
302276 2
658823 15
583811 4
289075 7
200561 15
262063 4
598604 15
451497 3
