2764
814168 4
89494 7
591948 8
873558 3
260451 16
817718 10
502138 5
302610 1
25895 13
999222 9
499561 8
712064 10
21184 4
68190 7
422058 5
749482 3
926489 12
910449 12
91404 11
211357 4
608667 5
708447 9
384563 7
987799 3
75361 12
481014 2
986959 10
476438 12
169904 3
45203 7
755847 16
260911 6
390985 1
608264 16
695013 3
539989 1
214030 2
169937 1
662255 9
381782 2
808733 10
44523 13
65990 8
420300 7
602245 1
183323 16
73157 4
840256 9
277309 9
446173 7
695283 3
503429 5
164151 13
530899 2
910105 6
938583 3
217184 12
282805 12
568697 15
629614 13
861271 15
582757 5
673874 5
979314 7
698212 11
791049 9
382002 11
595865 13
628776 15
943730 1
552791 16
642748 10
928286 12
876339 10
99432 3
983679 9
948650 10
393204 8
622734 11
238274 10
257965 9
753008 5
262579 12
311260 16
773965 4
245595 10
494832 4
182985 11
187157 8
42237 10
919553 13
608770 1
373424 6
791991 15
303141 11
759934 13
133939 8
133927 16
8699 2
866604 9
984610 12
518135 16
961779 2
562146 10
552058 9
580241 4
294656 16
860028 7
789996 12
498154 16
899392 11
614693 5
244365 4
486704 7
741997 13
331982 14
705554 6
682609 10
368250 2
362523 1
557725 15
728125 3
937885 9
374718 7
382863 10
838130 9
799957 6
418303 8
345720 6
549777 13
204003 5
414113 4
44921 10
182585 7
347868 15
699432 12
462006 1
700598 5
604582 10
344995 9
709067 12
509399 10
313071 12
216977 1
405354 5
170614 8
214475 7
281917 8
808683 12
15239 12
330426 13
238671 9
776428 15
874004 14
63992 16
733348 11
14932 1
904438 13
996490 13
511385 3
611260 11
900995 5
338755 3
889690 11
336263 1
727037 12
467156 15
943494 16
117430 6
422232 12
693912 14
457411 14
554062 15
401564 7
681779 14
593217 9
772887 3
901412 1
590252 10
446299 15
147376 8
359954 2
13334 12
985106 2
581976 9
737736 2
859778 14
94888 13
362708 1
108176 4
354654 15
528125 7
650027 14
837336 15
911529 14
662402 2
78653 10
399633 9
384650 5
439195 5
676655 5
691971 4
442641 3
919881 4
294641 8
390096 6
497845 3
167503 4
264640 15
284184 7
741121 14
714455 6
521873 12
541803 8
855162 12
739578 11
11047 10
993845 15
426192 1
535100 16
349196 14
173971 5
990859 4
181173 10
122897 10
828861 11
11894 10
17310 2
369307 2
489848 6
903876 7
360766 4
183326 4
465896 2
602155 6
977406 4
896603 3
689730 11
540175 5
632039 2
580214 4
814678 4
567889 11
914532 5
845869 8
668279 2
128265 16
236529 15
866865 6
492342 11
546393 15
766846 14
206262 3
373883 3
471586 6
183212 7
771492 4
493187 7
962827 12
389708 3
482426 6
343776 13
955351 14
106721 14
479201 8
928216 14
1149 4
572874 8
265630 6
254514 1
646463 10
164942 7
946426 11
598208 11
174808 1
311651 8
244977 12
337418 2
223167 3
640631 2
690913 14
420854 9
55520 2
272737 6
336334 2
566726 11
678249 14
29555 8
148524 13
181068 15
392248 14
557310 4
142679 11
893850 11
152018 16
714389 9
602934 12
617454 13
90684 6
5328 10
513125 3
312748 8
536009 10
200559 5
254584 1
466062 12
997226 8
793577 3
71719 13
152107 5
668118 2
748261 15
687757 8
933614 15
593441 6
22370 1
791840 9
338170 6
976183 12
488754 9
474012 3
209362 16
454696 11
251711 12
618464 11
185330 7
960691 10
222890 10
845925 11
198089 8
223549 9
415300 2
705523 16
364202 7
186727 10
777545 14
920580 15
309420 3
904329 14
997691 14
488250 5
215359 8
634422 5
393590 14
869347 16
374482 15
822182 7
986189 1
954721 14
766033 9
26230 12
145683 3
559002 14
957100 13
780264 16
223636 16
736386 9
378151 3
917841 11
984388 11
809496 13
564058 11
260332 3
761071 10
535617 4
189854 4
933143 16
492288 12
205420 10
57176 5
717837 1
716347 8
375108 3
575135 10
789309 14
704732 13
585808 9
13364 4
722712 10
895017 12
993600 3
819258 3
114634 6
968189 4
178096 11
905623 12
54322 1
369998 8
682463 13
997670 16
389553 3
116672 3
662391 15
425249 2
585281 14
348598 10
836739 7
140279 3
456599 12
612912 9
863004 4
892048 16
498992 16
863880 10
696269 15
712837 5
795330 13
660170 1
417135 10
44294 8
393483 7
434134 3
522777 16
529358 4
813019 7
78209 15
137829 12
170610 1
510210 10
875616 14
614126 12
757501 9
730861 14
26772 9
984602 15
303915 7
701930 8
381729 10
349138 1
894587 13
391251 13
240917 1
116539 2
836299 5
979639 4
815652 7
322113 12
860440 10
533598 10
812718 9
452597 7
35106 3
303367 11
612557 1
754626 7
452253 8
407859 15
904713 11
843176 14
700287 4
701814 6
359439 9
319897 13
749172 7
370772 14
262200 10
576890 4
511871 11
945910 16
122574 15
882680 12
846352 11
948659 7
823156 1
204611 10
81168 4
544818 6
50665 16
330484 9
938724 5
169385 5
376003 14
177420 14
956128 12
157921 11
161881 7
868078 5
704938 3
273973 7
206470 16
838128 12
447217 9
900023 14
56490 3
253445 10
742717 13
583339 10
670789 1
134655 7
302637 13
299802 8
87565 15
633353 4
380923 1
378312 4
443931 6
887330 15
965082 16
653760 12
279746 16
764653 2
89520 1
568621 9
273081 13
832868 12
397951 1
650746 6
320087 11
364155 11
432329 1
473711 16
662854 12
164257 11
938094 9
593947 6
385162 13
288891 14
801925 14
425494 5
707080 10
663968 14
855764 3
590834 1
169683 3
656303 2
233498 9
637091 12
408273 14
152027 4
439040 11
94430 7
866771 11
624186 16
846847 6
188489 2
856348 11
88410 4
884874 8
802794 8
705111 10
477105 12
209784 1
968670 4
379779 4
884586 6
26866 2
651977 6
685578 14
853114 3
903276 10
26913 13
687064 5
528632 11
874751 6
603729 13
63847 9
540628 4
565664 2
409486 2
676166 11
525360 4
807284 4
457069 13
339303 15
821754 7
389243 6
646071 6
210157 4
17538 14
525151 14
756024 16
135964 9
973101 1
578142 7
919103 7
471720 14
574208 16
909973 6
719080 4
705778 13
53998 12
10152 6
740549 10
9362 2
952952 13
90081 9
31232 12
222312 15
710475 10
495197 3
885511 10
873274 16
830973 9
280482 15
823716 1
996460 16
386754 11
217849 11
779088 14
874785 2
603880 10
63648 16
791840 11
710720 1
733318 12
833533 1
872373 11
200591 12
444460 5
772260 4
982049 10
462126 6
904125 7
973173 12
482559 8
413876 11
849385 5
469513 14
392051 12
652228 13
896390 5
891271 12
614790 9
142370 16
307397 11
602329 8
439254 5
93126 12
586778 1
474876 13
86765 15
12034 9
859243 8
17011 16
520677 15
742358 16
520555 9
936873 16
690530 3
39945 15
562770 13
681059 7
474620 9
859351 11
13862 6
161588 15
977747 10
842845 5
44454 16
629237 13
683504 9
674092 3
331796 3
736409 6
538716 15
660570 5
276123 12
515870 5
95414 5
784901 5
656514 1
195027 6
423954 2
760214 13
477633 6
615165 10
539584 9
800358 5
26268 8
589644 13
122991 6
371403 14
2416 11
902093 13
81929 9
898185 10
502031 12
313242 15
300184 5
565187 8
978029 8
210425 5
325712 11
416385 9
419886 14
55297 3
137281 15
682099 7
599220 16
25453 15
831908 14
796989 1
410733 10
30445 5
462777 2
300267 15
723073 12
778388 7
943627 10
995947 14
889894 15
366362 13
315773 3
337446 2
223721 7
611180 11
41555 11
923671 10
10859 11
137523 5
838653 1
43069 10
933219 3
856817 16
515774 11
990451 4
951699 15
249500 14
162532 8
54264 11
210813 9
417590 12
416765 12
681837 8
915513 9
723512 3
485445 2
254975 16
210958 6
520451 11
841319 4
484600 6
821756 11
274140 15
520856 14
911762 13
123893 15
86070 11
245897 9
220070 5
578961 1
661324 5
218120 10
866585 5
580779 9
821412 15
334535 13
306311 9
384026 13
529041 6
38089 10
11224 9
267574 11
951202 15
914353 10
376634 8
858041 15
249675 6
147216 15
624447 16
478937 14
956147 8
25090 5
151689 15
746387 14
699669 10
837737 2
577786 6
615093 8
6039 15
369162 10
728590 16
767719 16
852430 16
289377 16
156475 1
747195 6
181543 12
855432 13
485454 5
572812 1
94677 12
156489 15
224184 10
511970 2
85632 14
463661 2
897777 7
87075 12
120332 9
189673 2
854158 11
287750 14
799432 6
855966 15
393933 6
397537 8
905224 3
419202 13
46708 6
466268 8
187823 16
783666 7
639696 14
733327 11
97104 15
253411 1
448789 6
714382 15
745920 16
355244 12
931872 4
959167 3
936707 14
858945 11
123213 4
740844 1
168322 3
666872 3
252286 3
58827 4
807408 10
181757 6
243653 15
218604 15
195337 4
341069 9
715481 10
921534 3
305271 11
678188 10
805140 10
967857 3
558320 4
182573 8
214879 8
756298 11
62897 10
572223 4
39687 13
863205 2
858267 16
185912 2
65964 12
665636 2
447362 9
894591 5
43526 7
234221 2
815737 4
166158 15
698419 7
403747 12
917382 3
625281 16
376170 1
450589 15
680233 7
772517 12
189398 13
944511 12
145579 5
465837 15
415845 9
593459 5
127937 14
767976 15
352637 8
718571 16
507946 6
778579 14
203257 12
251878 6
412136 16
67893 15
135493 8
848333 10
109453 5
786225 3
376454 2
236795 4
298689 11
843918 11
560666 8
895953 2
445460 14
701548 4
841731 15
722270 11
797060 13
348340 15
299425 1
626214 10
970541 6
832577 15
606403 5
776712 9
999679 9
154518 7
798639 11
101887 12
128454 10
94743 13
999599 15
360113 11
865107 13
976618 4
814263 16
148427 13
774897 1
48178 2
523870 5
970121 9
618168 13
531995 4
380871 5
830554 16
594697 8
865093 6
985522 10
585981 7
234522 4
111734 5
263191 7
78154 12
207490 2
815280 5
56735 16
393652 15
286979 2
778954 5
582788 8
65775 11
653943 10
717233 5
366405 15
159095 13
146397 14
511038 10
588788 8
443908 12
842562 13
663336 13
151171 15
252692 10
736000 2
662740 13
799322 5
872847 13
658301 8
317096 13
807090 11
773899 12
446490 13
274233 14
608074 4
322663 6
282356 5
238407 4
22574 7
938063 16
230914 10
436332 12
630775 5
465596 4
365800 11
918173 2
320230 7
783292 8
415254 6
128838 1
657869 13
701267 8
997031 5
121893 14
603783 12
448036 6
383628 12
177094 14
527987 2
152196 12
445235 10
396920 10
238475 1
905065 7
818568 16
997956 2
840430 15
981543 13
122235 11
378979 5
550503 5
988438 5
870598 2
62905 3
112833 14
124357 7
325045 10
74402 15
636825 12
13673 6
766962 7
175599 5
813684 1
800126 12
704617 7
20041 12
363916 2
467241 15
715806 8
925372 1
510770 15
942220 5
450742 4
358929 16
320615 9
216021 11
378171 14
103570 11
720799 13
394206 3
47838 8
433222 5
735229 2
369402 3
213225 8
824352 15
974413 4
467985 8
345643 16
62044 6
382793 3
899065 11
855297 15
151665 8
941567 15
956250 5
262882 13
712335 11
601663 7
517100 1
335234 10
827641 1
826056 8
457588 12
601651 13
360468 10
607303 1
945318 5
758344 9
278030 5
411325 12
204582 3
871869 15
650317 12
370643 8
742720 11
675832 5
216056 15
912438 15
922042 1
41938 16
721927 9
973881 14
515960 3
329934 9
71179 13
608176 7
544133 11
51777 1
534203 16
822176 12
163619 7
547109 6
985097 10
219548 9
681472 10
882195 1
914020 7
757104 8
605384 5
831742 10
424777 9
745585 5
204352 14
968536 16
933323 3
198561 2
827171 12
441046 13
881900 13
676546 10
403102 13
29807 4
53655 7
223904 16
646796 8
619958 15
427797 15
156752 3
753987 15
544718 1
422392 1
918503 15
873811 10
894276 6
675038 16
788008 4
164681 5
468688 4
858361 13
39837 3
919276 6
559714 16
330393 11
172135 7
79594 1
161494 10
580323 11
167095 11
109548 9
710747 3
384519 15
885083 9
542215 15
591397 6
62514 14
928962 7
104074 2
982711 16
208944 4
694370 15
849786 15
785634 14
30815 12
467806 12
913566 8
617624 3
240049 2
611720 2
61168 5
937887 13
713372 5
535085 11
855719 5
899049 3
981758 2
824986 7
895141 2
429327 16
871696 14
600231 9
602472 4
873751 9
634074 4
668448 1
430910 12
326155 9
23374 13
691746 3
906824 3
786189 5
820459 5
835930 7
504118 13
899980 4
516252 4
815264 7
827094 8
898211 9
621906 11
646307 7
601905 7
652752 6
375129 5
842500 3
295648 11
185515 1
747424 15
756201 15
384007 9
545799 6
684411 5
850144 5
884034 16
35975 14
40334 8
94550 10
220798 5
176969 14
974901 6
645886 15
91260 2
681248 15
600546 9
386467 2
633190 5
357703 1
970164 3
845638 12
682692 3
412640 8
423986 1
920998 16
560667 9
193248 11
908960 11
281573 15
253725 7
706047 10
872899 13
436292 12
446269 4
314214 10
707578 1
564940 5
718813 16
184521 8
301082 8
257981 5
886102 2
535268 15
417598 8
740225 9
171915 6
988562 9
514093 1
253845 8
730035 12
535058 13
532745 2
822747 9
552626 12
335827 9
655393 12
768571 2
635338 7
695516 5
293012 11
310764 9
48069 14
611656 6
896662 9
900664 15
252412 3
811712 9
953363 5
256078 13
170388 13
273082 14
519653 9
415487 3
70972 4
501514 13
413054 14
164991 16
58387 5
890452 16
480827 10
911935 16
674971 16
120391 3
361222 10
105868 6
845862 15
244466 1
728593 6
284446 3
39796 14
708470 14
679219 5
346149 11
335155 10
737577 11
117257 10
225439 11
413791 15
472499 2
940463 4
387670 11
798708 2
335925 11
775187 6
444562 10
256858 14
499752 15
539518 10
84645 10
357302 6
536952 10
210641 16
407342 7
444270 15
463171 10
811907 4
184303 10
374949 3
917489 3
551599 15
28769 13
572594 8
33253 2
5899 14
804763 1
163543 11
596075 5
272964 11
911821 11
401039 8
324525 9
361373 14
376287 2
260149 13
212260 9
843864 8
411190 3
134962 7
691325 5
320861 16
340908 15
832695 13
326038 1
511492 7
320403 8
449430 15
365858 5
109557 13
514429 16
525069 6
301307 9
482859 13
40 3
445667 16
44486 7
489210 16
375991 2
187155 15
655424 16
380306 1
929361 6
416309 6
268194 7
372804 9
898690 12
833911 2
725742 13
347638 4
849589 11
569881 2
715129 2
434287 13
241493 7
816953 8
768675 10
526147 5
805269 2
685430 13
131699 12
175433 12
369716 10
57081 8
154571 2
709845 12
623807 1
697085 8
82405 12
184472 13
803321 8
306370 1
119297 7
454208 16
283396 16
727926 4
638763 6
872135 9
912904 3
80570 6
224914 4
373373 9
965888 15
226549 9
236621 12
934537 16
809258 10
557983 9
253321 3
457559 1
346611 6
247376 9
309557 5
426956 2
257013 3
209500 4
179192 16
956639 5
59083 12
352267 7
573435 8
375673 12
610374 8
362683 8
259916 2
945083 6
525782 15
740164 6
607111 2
172187 4
882901 3
479262 3
90634 3
856804 12
375341 7
385453 15
928782 16
500604 15
571147 6
870753 15
749347 2
410961 14
284983 9
762433 5
82883 2
149071 4
697948 9
149879 16
898189 1
155607 9
906667 6
164572 15
980035 15
817037 10
727492 1
639823 9
717030 14
560147 5
512216 4
418424 4
149995 8
321923 1
388728 8
920360 16
513917 12
332889 14
994184 1
485157 14
447161 10
237837 11
168862 7
737078 7
376942 14
94305 8
320942 16
29344 6
370879 10
878871 2
586512 16
72914 1
489999 6
748459 1
302533 16
971370 15
348621 12
310834 16
685946 3
508019 16
236771 7
962855 4
743127 7
164732 12
778300 4
11989 3
170890 7
477208 5
175415 5
111381 1
778196 8
921436 14
690700 16
945569 16
706912 15
396485 3
799577 14
844451 13
363307 2
920775 7
220241 5
308801 9
959849 9
789567 10
165007 8
294257 13
859657 16
874388 10
34669 9
242373 2
162984 15
626983 8
613940 16
245824 2
817395 9
609735 14
769043 4
79382 6
920371 12
341973 14
698476 4
615950 4
551851 6
897694 11
271123 9
452336 4
451944 16
933770 1
4080 1
610317 5
343985 6
789169 6
438141 13
854689 14
971878 15
206059 1
833454 13
961845 10
700286 15
3968 2
269554 1
649936 11
552806 15
157459 10
231018 10
822574 5
243808 15
630043 12
322311 8
621728 1
915646 4
612381 4
213808 5
16613 8
979708 6
610429 7
518532 8
569844 13
79284 8
70348 3
8051 16
399981 3
947766 1
710462 1
71232 6
6053 2
844875 12
407286 8
295099 7
559235 14
311894 13
768108 9
909801 7
609643 3
192139 6
212966 8
155400 7
371846 4
714865 5
612088 10
251486 6
329226 15
443549 10
711796 9
560729 13
758601 16
433803 4
204175 3
232359 4
989128 16
787487 16
825717 3
479546 13
476366 13
526860 1
710008 16
777566 13
847375 4
620705 5
915018 4
913452 16
887400 11
377783 14
322632 15
180481 11
92496 16
945223 2
822861 15
579547 16
802224 15
991610 4
339530 7
153052 7
948111 9
764531 8
949649 2
315477 1
487118 3
383152 4
894474 8
644503 5
27331 12
395890 15
269606 3
592042 9
45521 2
748695 9
589722 16
311111 11
131962 1
144010 2
781570 15
945638 12
905851 7
635977 13
345600 7
401016 2
693895 3
148433 12
686821 1
655089 4
359450 2
58494 1
786691 11
753211 4
329553 2
938753 7
599882 8
623673 14
735742 9
882242 2
694936 2
189994 4
89233 9
266930 7
996079 4
349917 2
510398 11
323282 13
725060 15
805729 15
450162 4
314193 8
793894 13
148480 4
291066 7
646182 16
562564 4
866905 3
675968 4
190603 3
499753 13
568134 11
101077 2
520780 10
505491 14
227385 13
713924 4
941007 15
409138 13
936296 3
607409 4
112386 6
628413 9
900760 8
270412 16
144332 7
553457 5
882783 7
119786 15
951621 9
536204 13
189107 6
535017 12
557848 2
238961 1
220582 16
231546 4
332322 11
830130 11
670092 5
248155 8
518469 15
288407 16
273014 13
300598 16
367462 11
499861 3
311527 3
722051 4
137329 15
727552 6
292751 8
521937 9
475493 14
790836 2
11937 10
811142 3
144887 6
206512 2
29029 16
738534 11
64465 11
68625 8
436941 14
553505 7
960608 11
828356 3
510813 15
124838 7
64043 1
77249 9
529343 1
958822 13
939801 13
433349 10
307466 16
112812 14
935309 1
511153 14
427219 15
729652 1
267769 3
874392 16
219591 13
228020 11
750300 11
922046 16
762616 9
406884 5
4200 15
987723 16
807025 1
324719 13
813780 10
285842 11
290829 9
701254 14
188382 14
645487 8
878160 4
650590 2
63672 8
352593 8
817179 15
378308 10
532690 11
82003 1
807324 10
551674 12
438802 4
985086 13
491769 6
597153 4
708827 9
12731 6
769078 13
522408 7
67188 15
637837 8
988948 15
702583 16
266932 5
539999 11
274849 8
903383 6
615927 1
246702 15
512728 5
295347 12
141751 10
101093 4
69155 7
298128 1
367533 16
590222 5
421421 7
926860 5
209949 3
795636 1
962112 8
994905 3
929462 8
399863 16
999278 4
309861 10
730355 1
621583 2
619913 14
822675 6
935555 16
953740 15
467294 1
90656 14
734227 1
393317 10
685085 14
566077 5
934265 9
570105 9
566405 13
154887 7
577902 10
533612 2
558247 11
235940 9
605066 4
193282 13
51899 15
106318 9
503323 9
95314 7
788932 4
891637 9
32316 7
516578 15
585786 5
96474 9
921981 15
197203 3
126522 8
517107 13
795538 16
916201 5
752883 6
2284 13
580954 12
781680 13
821198 4
305095 9
308746 3
850779 1
523936 3
457832 2
112736 6
393197 8
49233 9
476164 7
419563 9
266864 3
122728 9
17428 7
741837 11
70715 16
879897 16
511105 7
162700 5
644452 16
565422 8
296761 15
257082 8
179737 5
291324 16
812162 16
350806 5
835068 5
761806 12
577021 6
147613 14
381565 14
302637 6
757503 5
774926 3
394190 12
594297 6
989528 11
964304 11
141020 8
856595 15
818295 5
257854 8
143159 2
942956 11
271804 8
185907 5
327804 11
839896 10
252887 10
83080 4
331444 1
519476 14
678251 15
365676 5
507655 14
624182 10
209542 2
314502 2
220340 15
169057 2
840244 4
226662 3
230807 9
437119 14
225096 9
9377 12
177689 4
817965 6
770183 2
508194 16
448327 6
297239 1
583717 12
566406 6
139426 10
853269 1
531979 1
963970 5
324534 2
877492 13
90563 2
805784 5
193748 3
957090 1
567277 13
302717 7
38383 4
109731 2
587057 14
259590 14
854879 14
973754 13
109778 3
382682 16
528883 10
701589 11
558895 12
849901 2
323799 7
466402 4
549859 16
531159 1
742724 3
45705 12
327104 9
716587 8
117427 3
767644 16
407482 3
143163 4
130885 6
658284 4
654651 12
982906 3
564600 12
96238 9
47642 9
135227 2
495585 7
611300 7
879943 5
563805 1
511792 16
872569 7
683041 4
148023 4
609709 14
159611 7
917301 1
942817 8
68398 12
198773 16
103778 13
698712 12
53760 13
894093 13
568731 13
519931 14
494802 5
337764 1
718914 14
551482 14
304846 12
638136 5
332175 8
452765 15
477910 14
238508 5
654073 12
216641 11
588114 7
917595 7
18443 10
535244 6
841803 8
658649 15
69667 1
506527 8
569237 11
672795 6
507678 14
830988 8
442583 6
506895 15
33040 7
499208 6
822113 14
622059 2
439348 4
399922 13
841807 4
855478 16
801534 13
356001 11
89231 8
71865 13
854090 1
38550 1
913936 15
97715 12
39337 12
308100 16
66308 6
292680 4
883955 1
555185 14
123392 11
42836 1
638615 7
397131 2
39978 15
808559 12
103796 15
304664 15
204041 1
87197 8
934080 6
379587 11
912661 13
685929 11
778359 13
242394 5
750007 14
588784 9
928455 15
198510 8
579187 8
686660 7
216296 11
862549 8
528544 6
625943 6
97938 4
243982 14
272702 12
632223 8
812327 2
487791 3
437037 11
829739 13
148149 5
450324 16
993114 1
218183 16
844323 16
330410 16
262307 6
184852 10
261815 6
132481 7
309835 5
275322 12
723377 3
245279 7
647814 11
760259 3
251030 2
327694 3
981392 7
578115 13
863833 8
330078 3
505410 5
366542 13
206850 15
91697 7
675096 1
617707 14
389447 6
849548 11
137385 16
976273 2
448933 6
928208 5
800317 9
991089 15
16931 4
431284 13
320419 6
942590 10
707460 9
295598 12
491484 9
773154 16
918189 15
732806 6
626079 3
450922 7
245179 6
275184 9
534449 14
693127 7
569048 8
522873 12
142009 11
278105 3
208917 12
934279 13
181136 7
837189 14
925603 2
156296 2
741809 8
191863 15
399403 6
353823 9
691837 9
524033 1
281240 5
177100 7
109950 10
863123 1
400775 9
301079 13
710881 10
198467 11
402676 10
72099 12
506912 5
306219 13
100886 6
161 15
885221 15
319256 2
651400 8
608637 2
935263 14
259329 16
500003 5
355247 9
91549 14
46798 6
322527 5
327793 8
503456 4
600163 3
603187 15
287154 2
276462 14
136909 1
446984 7
839194 13
831023 10
673337 8
989921 12
617638 13
378892 15
248117 6
855805 4
32409 6
379508 13
557819 13
721253 11
282348 2
83047 4
748117 10
483109 6
608421 3
391113 13
42076 12
782518 12
188268 5
534372 8
584991 16
648755 14
578750 10
268500 15
881921 3
380612 1
306884 4
483877 16
579664 16
178927 11
312327 13
345207 12
677552 16
931065 11
420496 2
708177 5
760776 5
949347 5
242467 3
910341 15
32134 10
60166 14
653796 5
433478 6
543762 2
946700 1
826188 8
215325 12
922821 9
3164 5
462724 14
794389 1
649471 13
448446 8
264360 5
857704 10
538097 15
439966 2
739521 7
6963 9
658746 16
106507 2
662223 11
509274 14
228395 9
689878 6
276250 4
239559 9
236933 7
596081 11
556541 2
331400 7
837745 14
531956 4
793845 12
504201 2
710596 13
680035 6
830478 14
117967 1
489043 6
442200 8
761419 8
900539 5
500439 16
687070 2
799984 14
908555 5
408882 15
720153 14
48066 4
854999 8
401851 4
326338 4
639171 4
744426 4
146523 10
222332 6
473722 1
519984 3
22794 1
814832 13
145542 15
667658 14
733741 5
561682 10
128306 10
872099 13
567294 3
45067 4
284781 13
257624 3
257399 16
711393 5
62699 1
660549 7
612612 4
826507 7
615062 14
540689 12
753851 10
164164 6
235119 1
466011 6
392260 11
336454 4
572332 4
762318 14
823837 10
317968 11
911332 13
463703 15
202169 15
979821 15
491782 9
865133 6
261177 7
997407 10
465091 4
113923 14
394074 8
440815 2
801630 5
851343 14
822535 13
605641 15
203405 7
777811 6
219676 10
786802 7
54999 5
71935 14
34556 10
460572 1
829747 2
924408 3
795364 9
111239 16
612678 1
143587 14
129567 15
871034 1
193227 4
431536 14
925444 4
409000 11
740711 7
306048 13
944596 10
238403 9
343684 5
173749 16
672310 13
141069 3
783540 14
783027 6
469528 15
498009 8
658223 15
581495 7
122140 9
573580 3
453253 14
529726 2
405266 4
467497 8
182418 8
726797 12
394798 12
859046 2
543691 8
683827 2
794307 8
759891 5
140033 6
572594 4
9785 3
435808 4
658577 3
304495 4
827325 7
797958 9
336861 7
117780 15
730449 5
433915 11
102560 10
955825 3
954566 5
746006 5
186309 13
902104 11
756309 11
684401 4
444870 9
323972 6
252019 5
973546 10
652062 2
55703 1
950942 10
736214 9
180257 3
606071 3
592794 16
356260 13
638630 14
861593 10
707381 14
39861 3
750205 5
293772 1
544471 16
323546 4
37864 12
517913 13
574269 6
337654 2
342117 10
852163 16
741920 15
622068 3
925493 6
881704 11
129009 2
960275 4
859596 2
286648 5
367673 15
354670 10
747731 4
626354 5
607584 8
741114 3
996219 2
8227 16
416716 11
789569 13
538457 14
116587 11
27881 3
243913 4
24868 2
770322 15
855453 12
356461 4
561872 9
46019 3
943678 8
521596 4
94655 13
564062 14
450413 7
446387 3
310279 6
247054 10
147914 16
516534 6
711746 4
156996 10
298161 6
217448 1
75308 11
488873 7
890441 16
827821 11
748439 5
617280 7
574994 9
523061 8
14188 5
340132 11
20335 13
520941 9
546960 5
275379 15
349998 12
868952 6
652785 6
791690 6
760631 4
399487 7
507706 11
489127 3
830494 10
494168 15
752405 16
933373 12
787477 10
156425 2
977363 5
873650 4
198523 6
339500 3
958120 8
226873 8
51163 8
266236 14
478885 13
761679 16
357219 12
908484 1
30638 7
466872 5
758743 12
931327 3
204508 14
725820 14
452910 4
151688 14
132426 4
239692 5
667140 7
762972 7
42276 7
11982 15
398646 10
214586 13
872862 2
826185 16
662296 4
888913 3
805214 7
110018 15
595396 12
847853 10
808760 4
114939 1
196695 14
642166 7
835576 12
493117 7
249260 6
209490 14
380113 7
83593 11
723812 11
755269 4
341809 2
702098 5
76669 14
338966 14
448691 6
667925 13
198229 16
99173 8
910046 12
42736 14
396452 4
998337 11
163324 8
428720 8
156788 7
834912 8
129490 5
797625 14
316347 2
402819 15
849855 9
138989 8
798275 5
806971 14
555027 1
806688 14
927675 7
750691 15
424245 11
449400 9
438118 5
915091 9
999396 9
897703 7
356380 5
38279 15
601034 11
416375 4
823979 16
436264 1
463072 16
402157 11
822264 10
585099 10
249518 3
977860 3
140863 11
719655 5
681396 15
590779 13
112711 3
480033 7
148478 14
609715 1
542636 1
546905 2
596297 11
309596 13
767482 8
109793 4
591996 15
317399 2
589620 10
741900 11
109922 16
52160 11
157844 16
661169 16
716424 1
102646 12
34604 14
197369 9
634106 4
299510 7
233364 3
29819 15
904762 9
414892 15
367110 1
955628 5
400565 10
843168 4
775743 14
992095 10
620486 16
665178 5
153484 16
114370 4
771617 15
792795 4
521360 11
925557 7
214248 3
731959 10
22647 16
79449 4
37887 9
38536 3
488223 4
247355 14
82663 1
30412 8
940414 3
494969 12
109320 3
81724 16
807188 4
222938 1
33785 3
346738 4
948679 13
61783 14
877379 14
286115 12
805890 8
961378 11
602746 7
626973 2
642087 10
595757 2
673741 6
506644 3
751137 12
487934 5
145347 16
778575 6
37475 15
779338 14
594725 7
290417 5
550968 9
242458 11
818833 13
185501 3
150690 3
247334 12
962561 8
197687 7
912715 16
11682 10
102597 7
856978 3
865675 1
696969 1
350069 2
772400 8
242088 1
193434 5
415969 10
763165 4
662176 5
352809 9
200103 11
3505 11
374813 7
625460 14
978172 9
230774 3
462495 14
824701 9
713394 4
101186 12
288061 13
432093 4
41823 2
971318 12
268703 11
27702 9
669070 8
186009 9
373305 5
434362 16
112074 12
80884 10
231272 12
583568 13
436595 4
14278 15
493675 5
251098 7
882335 11
421939 15
546773 9
202699 2
105773 8
117154 10
581042 14
952357 16
237124 8
730426 16
404270 12
531072 7
19522 1
469200 10
929641 1
737253 13
131639 11
732756 5
382221 13
406350 10
797314 16
625581 13
18242 7
769619 7
552642 13
473005 9
695185 13
907728 2
205888 9
500619 6
931396 2
36283 15
776255 14
726328 10
517542 3
363002 1
3529 2
761701 8
137600 3
178293 11
376385 1
775666 15
633589 11
250968 1
297556 5
891302 11
15797 11
969121 13
554684 4
356906 11
476390 4
389351 6
956225 13
523245 8
769720 5
622419 7
56720 9
654905 13
326473 4
60083 16
917005 12
461765 8
925461 4
446995 11
779290 4
667520 16
847542 3
550063 8
632074 13
