4270
409740 2
572179 13
916585 7
987544 4
627815 2
494877 9
51280 10
242726 9
835950 6
508726 10
647397 13
710377 16
87995 4
8601 8
182010 14
425409 4
806231 13
283531 5
633647 13
100050 11
837387 9
445936 14
935913 1
236645 2
967802 16
490463 16
136786 8
787314 6
968118 10
460426 7
724627 1
513150 12
87882 3
433968 6
99679 7
500087 10
726080 13
508729 14
478462 15
410902 6
637416 14
315654 4
291522 8
919991 6
925371 11
743372 6
563998 5
536290 1
307374 10
576141 14
366869 1
474967 11
132369 16
61404 10
278023 13
869911 7
381677 4
33099 7
592658 4
487635 7
304574 8
589078 4
9512 16
438880 9
663919 16
787587 4
328922 1
436873 8
52847 9
940443 5
599943 1
857010 4
125941 4
701651 11
248941 2
780715 3
82918 2
153512 7
528436 11
918803 9
130258 3
63760 7
365411 1
965027 8
942957 3
76550 4
322193 6
448547 14
461915 5
952549 4
142338 10
79892 15
350798 5
499093 14
926025 7
990781 5
788282 7
902472 2
27235 10
300839 3
580967 9
177510 7
250430 12
946381 13
745358 8
891294 9
293938 12
45967 8
540250 6
427746 16
659537 7
463235 13
387298 2
84969 4
620685 12
281844 10
942569 3
169291 11
435025 13
512133 10
648680 14
332389 16
822401 4
56466 7
59765 2
399023 1
103551 4
271695 1
790265 12
137692 3
993423 11
741554 2
149752 11
546916 12
813840 13
904251 4
546088 12
675964 13
804234 1
239686 4
543893 12
273379 9
799726 13
686691 13
865603 6
699962 7
891586 3
717576 13
232279 1
688557 15
108678 4
918413 14
711166 8
276805 4
374075 15
326552 11
38485 8
959299 5
619316 14
158036 16
255691 7
324495 10
708412 12
898809 1
104270 13
461101 6
359049 13
740391 11
736967 2
817825 14
83691 8
773592 11
750443 11
909657 16
601620 13
714282 1
295209 6
375797 9
453755 15
52132 9
716446 12
559804 11
605134 14
378838 9
614410 3
420769 13
53774 2
818223 15
156963 14
786604 8
945771 12
732791 11
983797 13
332554 7
882164 9
688999 2
156204 5
784540 7
191003 8
98855 9
603678 4
611164 5
594822 10
222728 5
235835 8
879575 16
955453 6
526413 2
940264 4
347986 16
899383 8
729729 8
337027 5
571551 10
441714 9
959183 5
454493 3
28163 15
438450 1
285533 16
910304 9
354657 5
554189 12
177045 1
53594 12
623019 2
409737 16
959020 9
783093 10
16242 6
297858 4
178237 7
521068 9
341184 15
737027 14
495853 10
724617 5
389592 3
575712 3
844911 10
874969 9
524957 15
212701 12
678791 11
553556 15
969525 3
868015 14
38173 5
630711 11
931822 9
114987 4
628147 9
571155 15
77686 10
843218 16
583731 11
293453 6
877093 16
234037 6
421849 6
127088 1
795281 1
609856 6
879327 14
381872 1
488173 14
628212 5
545407 14
244347 16
112141 16
712375 10
228489 14
685389 11
738075 11
619667 2
58687 9
320069 9
292928 14
589981 6
273344 4
942199 11
310240 1
547298 13
114529 16
211738 5
837119 13
194429 14
2958 6
847212 14
223725 2
691249 1
558400 12
891887 10
803276 13
929710 9
467195 4
507887 11
346466 3
55111 8
982353 13
645560 15
924551 1
38208 3
682083 3
960560 13
267422 5
620985 1
504083 3
898219 6
905143 15
953638 4
977242 9
154936 10
547878 8
269001 9
680509 7
729865 3
46825 3
745373 7
554536 14
649312 16
877627 13
621069 13
187519 16
175140 11
435774 9
449173 7
886798 15
234812 11
911930 9
991246 2
248968 4
821159 7
663463 4
432319 14
461560 5
979751 2
32023 14
813707 9
455571 3
370680 11
973136 4
795949 14
880989 10
822748 13
442586 7
434905 16
712973 7
2940 11
653756 12
610872 12
663531 5
678015 8
568283 9
473971 8
730822 1
544223 12
49916 4
586875 1
961942 2
975895 5
846827 16
233310 13
526135 8
224690 3
171737 8
396946 1
85397 13
629363 4
207120 3
35989 3
349259 2
535073 16
274998 1
98731 10
40284 10
795853 12
126960 10
788358 10
957763 13
320373 13
226995 7
523016 5
188224 1
409500 4
576368 13
433281 10
388821 2
659144 12
575384 5
97697 6
560500 11
974583 13
721447 4
305751 7
140379 15
484942 12
330127 13
335534 3
816720 13
633139 11
109259 12
78201 6
877638 9
318260 16
28382 13
287354 7
616438 13
588640 1
300241 16
144118 11
47717 11
446159 5
6160 6
255464 3
722475 8
613156 8
515067 7
832961 15
413157 2
948987 4
85319 13
330374 9
673928 6
55900 13
564707 8
464284 3
138453 10
607295 14
13459 13
689978 1
969237 10
492367 3
468491 3
823210 12
576130 10
623327 6
601006 3
521144 1
110871 4
165465 5
336953 7
440515 16
223567 7
387128 14
515088 7
280597 15
119972 15
806036 6
142935 11
107342 5
70228 8
160461 9
700531 12
842950 6
796987 5
559835 7
885503 13
500669 12
652836 8
890321 12
520026 15
894316 3
302667 12
308439 11
54781 5
99057 2
349455 2
823097 8
646981 12
493672 12
828864 6
284278 11
350977 7
619850 12
55926 11
641120 11
58929 2
55319 12
344077 9
437140 2
14051 7
410730 9
246297 3
558420 2
220848 15
748475 14
994722 12
921991 5
717636 14
376586 5
337613 3
17245 14
636501 1
320882 7
74327 10
327107 8
243408 1
376375 11
795726 8
506642 12
344884 15
57399 12
719194 16
605258 7
505252 1
782884 10
442924 10
258960 4
571182 9
668983 14
908637 14
679833 15
231414 12
824687 2
13753 10
955899 3
798902 7
675086 10
700899 9
267896 3
351673 8
233032 4
652180 15
595021 12
17259 11
355081 14
767886 9
879969 9
352238 3
940923 15
575647 2
22895 1
838913 16
890469 3
556039 4
69324 15
968506 4
536339 9
683201 1
385383 5
223284 15
705897 7
776097 5
170253 13
318191 1
413775 15
727600 9
864380 3
612776 4
36134 6
361037 4
194097 16
193034 1
223791 5
442839 5
379595 16
684660 7
907914 16
781251 6
416933 1
217971 13
357989 3
175002 15
245773 12
167215 5
399128 1
124076 16
823850 13
671611 15
888052 6
305823 7
418340 4
43881 9
347178 7
4472 6
492952 15
79761 15
684848 14
728466 14
54420 5
908110 7
129587 14
714985 6
50337 2
129400 3
42315 14
268217 5
13693 2
508333 10
802262 6
217386 14
806878 8
662872 7
743313 6
990977 12
221305 5
27380 2
977581 1
162261 1
620610 2
740295 12
581368 10
855535 13
472223 1
810452 12
106866 16
781219 3
805643 11
193625 4
528532 7
490034 14
802912 9
662517 14
90189 12
767886 4
973304 1
155024 3
551009 8
476199 12
10991 3
952726 5
607722 3
154330 6
132862 3
373537 13
618980 7
900588 11
889429 7
463911 16
678877 8
851250 13
148572 6
366802 1
793283 6
64893 6
934468 9
857554 5
90745 14
361961 14
584772 3
334465 7
872440 5
242646 6
45410 13
205249 13
783034 12
759805 4
25915 12
557115 6
777286 11
793349 4
632069 8
126672 2
829429 13
244608 8
346536 8
524953 16
351870 3
684534 2
608376 13
268585 7
132876 14
245824 16
337600 2
976814 7
769617 13
122274 15
590717 6
166852 10
317524 16
677783 15
487870 13
95364 11
937212 5
692753 12
574064 10
272085 4
644349 11
228269 8
135042 10
133998 16
538895 11
732188 6
634639 9
373879 9
140000 11
526687 14
986630 9
520293 6
675794 15
745540 1
748296 12
850957 12
710022 10
478443 7
490870 3
549692 1
81345 15
948515 13
281875 7
877199 5
557335 3
31318 2
251070 5
52747 3
291536 4
592802 14
586358 6
449624 6
930970 9
693259 16
231308 12
430264 4
485017 8
865279 4
331234 15
711365 5
535791 11
369492 10
415803 13
367065 7
100490 13
528176 10
949444 11
223824 8
533692 3
794216 15
291370 5
677494 2
592915 2
865564 14
772967 9
243557 9
269006 16
202124 2
36719 7
691711 8
496401 10
780878 9
912212 5
430469 8
760383 2
628502 3
663687 16
739564 14
184477 10
591231 4
360802 8
15941 6
1786 6
460508 7
479995 6
540494 13
444861 6
532227 15
493384 5
292254 5
93305 5
491798 1
20835 10
731947 2
672986 11
782371 14
357543 11
573034 8
313195 10
200768 15
446922 10
99044 6
699095 12
76420 14
806108 9
152208 3
140778 13
911925 12
119451 16
25743 16
33851 15
663627 5
535664 11
901290 1
337979 10
523495 6
253684 11
823845 1
319431 13
599586 7
427824 13
430737 6
828786 9
620579 16
715658 8
178610 13
650781 15
972438 3
70424 16
152726 9
217937 16
907987 15
341302 16
718482 16
491676 7
415179 16
677633 2
670799 7
442761 8
753192 7
68828 14
226355 10
532131 13
715426 16
43235 3
663651 6
219427 2
777316 9
559335 9
190064 4
767962 10
805478 4
102845 15
392127 13
311423 16
893928 13
992515 13
928802 3
133967 9
552215 13
344184 14
911969 11
383596 5
692508 5
266813 12
454986 9
510930 8
594666 8
539067 9
430301 6
15578 7
738741 15
723006 1
49280 12
896966 10
157047 10
838990 12
715249 15
224099 2
68673 13
323815 15
506741 13
442671 2
189513 11
853657 5
535022 4
496124 16
714123 12
464431 2
608280 2
253424 14
578972 9
436801 6
769679 2
706965 5
129580 10
593817 13
216406 3
134361 16
632289 2
56600 5
115018 2
528001 3
55819 7
531856 3
413557 9
950041 13
357179 15
548792 10
240784 9
358698 15
883453 12
962345 4
806440 9
135672 13
758684 10
700391 2
220171 8
663311 9
529644 7
730973 8
832476 10
998571 15
914747 8
574237 9
875935 9
747852 5
308521 7
170965 4
362681 12
668162 14
528662 13
920119 14
922980 4
907915 16
119939 9
166489 9
693832 4
759158 16
138726 13
287009 15
954455 4
86127 1
416043 16
965199 12
821500 4
38594 6
522932 13
446542 1
879411 7
896836 7
864086 12
782536 15
538358 14
978189 3
583571 9
413222 2
664078 13
206056 13
222606 13
832789 1
986013 1
601647 12
117236 3
502623 3
724417 2
971781 2
985275 14
121711 7
189514 13
859740 8
900151 14
656124 9
606783 13
684756 10
691861 15
910908 14
328505 10
886688 15
665274 12
400659 13
124700 3
465335 12
246194 13
341905 15
205586 7
102076 10
697981 12
102588 13
333458 8
528625 1
488936 13
425539 9
719767 5
505374 2
616219 7
455190 1
900483 14
22945 15
184306 14
230529 6
577992 13
874050 11
939425 6
788775 10
563679 16
478821 15
608404 9
727718 2
559833 4
85805 2
49323 11
560354 1
477396 1
877041 15
791386 11
421768 1
862423 1
828051 5
443012 12
544757 7
477928 10
199989 1
175778 5
592887 5
913352 14
663831 7
468262 14
165931 1
180786 7
403201 15
977915 11
736686 12
597155 8
784243 2
313049 3
915329 3
430320 12
379526 12
749002 7
879282 12
213811 6
692226 15
632358 10
929069 12
844177 16
195464 12
676731 1
177130 2
451311 11
885182 10
129035 13
90405 15
692832 2
60958 5
766488 12
168683 13
353300 16
107077 8
318269 4
60329 10
201794 9
715296 11
378475 14
545869 6
175216 14
141046 1
803014 8
464385 16
663874 6
113296 13
974402 16
63415 8
562074 6
394688 14
854995 11
715062 8
484907 12
712322 10
283202 9
978928 14
756287 7
174668 5
153812 3
399362 10
675434 10
375964 12
943711 9
533736 3
819276 8
312265 1
230871 7
993357 6
430075 5
610349 7
788455 3
18847 3
76205 6
824001 6
238290 7
471054 11
807192 6
48610 1
982269 1
904439 1
848924 7
903591 14
984619 16
661035 10
999568 15
844581 4
968223 12
636993 15
619670 7
198735 15
269530 7
742641 6
67238 14
867739 14
784065 10
520611 9
982004 2
205794 9
511105 6
947199 2
984048 1
218073 6
575694 6
260905 8
851404 12
735006 14
759352 9
825403 1
718824 1
965469 8
866846 3
557713 8
613855 10
936557 11
149890 12
590799 9
258432 4
133990 13
8192 1
205460 7
794267 8
93575 12
283880 16
989147 7
105204 16
655217 5
817031 5
837489 10
591685 15
325845 12
234059 12
124862 7
379184 15
230938 4
502718 7
204350 11
820753 7
990817 2
320842 5
287620 5
266616 11
647731 1
682266 13
74352 5
198801 3
880742 15
779385 15
977020 7
813049 11
496059 6
846781 2
331119 7
722643 8
163125 4
545337 13
676626 8
837364 8
928628 5
330778 6
424325 6
685073 3
284952 7
666053 7
595866 4
900407 2
397275 6
947838 3
527174 9
940346 13
255639 10
173694 8
87844 8
428845 15
428367 10
858755 10
990578 9
989559 7
381064 12
117553 4
851094 2
271337 8
576938 3
704677 15
38444 10
411639 5
764326 8
352140 7
939837 6
183590 15
603452 8
795785 13
807400 12
957809 5
308372 7
152832 15
451728 12
424498 15
237019 16
948401 14
621588 7
566899 14
784334 9
8831 3
184645 15
880795 15
486002 14
716983 1
513381 12
222880 13
390184 9
102613 5
383678 3
503491 16
767262 15
646156 10
210404 10
572808 10
241008 6
110309 14
886081 2
761585 6
620319 10
753069 13
229533 6
95133 14
390549 3
401231 12
180047 3
411699 13
700674 12
582166 5
62604 1
412740 14
514770 8
627210 4
211603 1
154288 2
352948 7
134369 5
523499 1
123302 9
185670 5
761623 7
530901 4
100216 5
499422 5
899779 14
523877 4
555962 3
739960 14
975978 3
210307 13
93785 4
41217 3
655735 4
360490 3
739588 12
100390 5
41805 4
429386 14
139836 9
338732 14
909706 5
250092 14
703043 6
602916 15
394930 16
358811 11
202482 9
495045 12
581776 13
132931 4
55233 1
202891 1
688250 4
803197 10
316469 4
868234 1
800268 12
273428 12
83353 1
893577 13
179827 9
434834 2
396995 3
684260 16
578462 8
590640 2
973375 14
746457 6
625250 4
95724 8
274294 4
335275 9
729732 13
868250 4
229829 12
564662 9
772379 7
686551 8
839791 7
963413 16
400771 5
900752 8
863451 15
674874 10
305082 7
119532 14
851532 1
897471 3
208479 8
349509 5
627618 10
322865 10
673193 12
886531 4
666652 10
868392 8
112960 2
418618 3
851384 11
581964 9
804309 1
877840 16
538254 11
207241 10
108822 6
969330 5
854554 10
134652 6
144628 7
426993 5
570120 9
348561 10
634980 7
914615 4
484220 3
616367 11
382691 16
208994 5
129595 10
841024 10
359815 12
361447 16
114781 13
982153 3
445741 5
471400 3
757748 1
14113 1
492861 13
85214 2
77067 7
513319 12
909266 16
217925 13
885376 3
243239 11
941613 12
224987 13
255936 10
715630 15
122270 5
432913 7
888669 6
153122 6
394936 5
54895 12
27514 5
312225 4
425348 12
574466 13
981580 16
932322 14
317357 15
873639 4
788178 11
544030 6
140640 6
340005 3
229657 8
876234 4
75982 14
127735 12
913617 3
134008 3
752627 15
310655 6
138816 13
489534 4
299345 4
136636 7
389201 2
439547 1
553341 16
702495 15
104017 14
50986 1
513812 8
933693 2
677707 1
867674 13
232378 15
738781 15
787266 14
132086 8
680392 13
734061 15
119642 15
713848 13
556410 10
411939 3
562702 11
58188 9
199682 15
938199 10
775996 5
983323 1
820612 14
654996 4
234180 7
318145 2
544926 1
115968 14
873889 10
555191 14
732537 7
437184 16
994103 3
450997 15
807149 13
924127 5
888423 11
512572 11
440247 3
152953 6
68825 2
231630 9
436166 3
798512 3
326208 6
357995 4
146249 13
525219 12
842633 3
626054 4
990319 11
452827 2
331052 15
651881 7
544004 12
389913 15
488910 7
24645 7
218949 11
514765 7
732367 7
41437 12
275472 4
329688 10
132745 1
307525 16
855736 16
845618 4
517666 3
72005 8
504410 5
275870 16
877755 15
578280 10
969451 10
806735 4
729543 10
332742 13
913615 9
586846 16
127086 7
430125 6
648405 15
391994 16
172178 16
905367 13
255735 2
775460 5
348349 5
448029 13
851890 15
936841 14
900825 8
711914 16
933333 13
539305 11
149860 15
374402 3
787011 15
64455 11
841275 11
756254 11
435835 12
754654 6
509055 15
966140 11
633444 2
263077 8
583718 10
676230 16
297088 5
625526 9
640306 13
816496 16
677482 15
703148 10
908595 4
737432 16
611230 7
932427 16
830879 9
779273 4
927980 13
636124 9
452261 16
641611 1
9096 1
996666 1
924430 5
258185 14
991534 16
287818 9
406967 3
576517 15
146190 7
624968 13
36478 7
853786 2
537147 5
542993 3
52512 14
715412 6
131584 5
121811 15
815179 15
843204 10
523552 15
565282 3
31931 13
48472 7
701874 11
980122 5
159558 4
281207 16
315418 9
324606 9
827088 12
572354 15
791490 5
345022 11
118553 9
663157 1
580913 10
523492 14
972157 6
506501 11
960924 8
102743 7
647191 16
205685 8
658581 3
314391 9
494901 13
291040 3
692538 11
691374 8
872456 7
197791 16
655383 1
14060 2
718275 15
246489 4
240223 8
527241 9
563448 4
197977 11
825399 1
368260 3
999257 13
663196 15
143784 3
76771 14
654276 9
466873 16
462343 16
454751 16
280154 3
223764 7
455720 8
432225 3
283399 7
592404 9
11394 5
525747 14
107925 1
139391 7
875252 15
634113 15
464008 13
353454 2
191363 3
360064 5
484913 9
761650 5
757649 7
907081 12
215698 1
134279 14
806974 13
772609 7
391806 10
763854 7
694233 11
451443 7
29055 14
986207 8
157346 10
264196 1
525959 16
87162 12
143213 15
808153 8
377400 8
863333 2
330229 16
532360 2
742870 7
816690 3
464420 6
747478 12
5936 1
272714 9
429728 3
106581 16
60445 12
243131 4
898829 5
180657 2
802436 9
141742 9
178790 7
452105 3
274502 15
139388 5
300571 8
860072 4
731958 10
308741 8
208521 4
550164 11
828598 13
57769 8
598580 5
742368 9
296654 9
729383 10
360832 12
897610 5
973063 6
483610 12
447358 11
827592 10
453514 1
834487 4
93844 15
208858 1
812181 12
626796 16
351750 7
238590 14
493247 8
953461 1
661467 8
225147 5
24364 11
618572 1
505337 4
442178 6
764025 11
658701 4
859317 10
882704 8
725834 10
735087 15
583413 11
412336 6
754620 1
669844 16
615773 12
262508 7
552572 2
897511 5
784533 2
612966 13
154335 3
854963 14
648942 2
680586 2
333447 4
167952 12
993923 3
711778 1
701304 6
842341 11
808246 10
984572 1
904423 5
175292 10
201941 12
554905 16
329350 4
669173 13
213138 12
896022 5
92138 6
637776 13
877362 3
2573 7
128069 14
455292 3
316363 14
631189 16
709206 6
64678 3
837711 11
37342 1
329499 15
450170 4
172834 15
633468 4
475730 3
940020 3
772005 1
559388 4
228328 4
868092 11
315873 4
351141 3
243302 2
563135 12
532500 5
135307 2
365420 2
389483 10
236966 15
255141 7
343817 1
684087 14
324140 16
846078 16
27563 3
760365 12
947522 4
202160 3
177907 7
419529 14
359577 16
58934 2
876944 9
704365 3
425825 16
688365 7
469025 6
539472 11
933555 8
750421 3
74783 15
37587 10
662163 15
1295 3
866137 1
461368 12
126506 7
664680 15
471885 16
116689 12
214606 5
495290 15
107027 8
540516 13
279389 1
638104 10
567809 5
814012 11
196155 3
922392 11
239584 7
420476 9
122709 15
435573 15
403905 3
944533 6
791892 4
839188 9
402305 14
501990 5
292495 2
487724 4
202318 2
18015 5
633690 4
170376 3
263392 3
451205 4
653896 13
90991 8
146774 15
500073 8
998890 12
895245 11
934865 1
151073 5
539116 13
426134 10
320822 3
239392 9
658386 4
332474 10
35945 6
721588 14
624938 16
127488 11
169532 7
555148 7
282722 11
411665 3
949551 11
227109 10
588548 3
316807 14
233572 10
958535 11
233567 14
827521 10
409199 6
110686 4
106455 10
643238 9
421366 9
174455 12
390206 10
375446 12
667553 7
509410 16
914069 1
214704 9
875707 13
74382 12
391453 12
803026 2
742835 9
475119 2
926103 3
84645 2
648293 4
594287 10
109307 14
842826 3
588962 4
840140 16
523723 14
69977 8
468561 10
574360 5
330089 2
916709 15
342198 7
50288 11
645617 13
349425 3
109263 1
382118 2
709384 12
83615 6
507114 12
143115 9
552487 8
136789 1
849631 8
218638 1
248775 15
936695 7
698280 10
892004 7
364610 10
179902 12
338014 16
371522 14
974391 10
157915 1
666219 5
931603 13
308688 7
423530 7
345928 11
293960 9
338622 2
252202 3
807502 8
693318 9
999780 1
88600 7
598791 8
439752 3
456377 4
22559 16
97452 11
412698 14
458773 1
385481 14
145444 15
951789 16
639477 10
433705 4
525085 12
193143 7
128126 15
490185 6
676854 6
829483 13
899139 9
141701 15
782877 15
978950 16
555572 12
801958 6
464327 5
959756 7
766425 4
248651 8
492640 12
62291 5
81754 3
282847 1
105448 13
767869 11
974093 13
640494 4
209400 6
956006 14
842140 16
859384 6
340291 4
177361 12
213253 2
36481 11
513510 3
810536 14
221035 3
204816 6
411559 12
651604 3
815572 6
302200 9
946251 1
646365 14
977659 9
580724 1
390302 11
300744 10
652970 10
917326 2
236368 15
557053 4
868597 9
3413 13
254496 14
186752 6
150124 1
562141 6
758556 12
786906 1
937270 12
398041 8
986141 4
194408 13
359945 12
372318 3
74172 12
532937 9
250396 13
147042 13
264776 14
256881 11
516161 3
448101 6
103703 2
62735 16
187987 14
944727 11
122160 4
661926 14
78027 3
212919 6
561351 14
888741 4
875929 4
277114 15
839577 4
994133 15
363127 3
836509 13
911167 4
720933 2
553874 10
333243 1
418017 1
407512 5
920317 2
369059 5
377896 1
179907 1
145616 1
447447 3
868877 7
346749 10
745095 9
737800 5
807021 6
343100 14
460044 12
238005 16
966768 2
327166 13
333854 6
474048 2
633329 2
100696 10
617378 10
914846 11
325856 13
251791 5
290762 15
265909 2
473360 15
411999 14
873101 6
25299 15
459570 15
800827 7
545662 7
436910 7
675461 2
904926 8
210565 6
717591 15
563303 3
729877 14
42564 15
721007 9
508367 10
258403 7
858835 9
122119 3
206125 9
624664 6
685073 16
723793 4
852016 15
94109 8
356607 3
681690 5
348148 5
643744 12
179236 12
486095 4
375618 11
712136 8
940931 15
388257 13
811855 13
255539 4
786371 8
267418 11
769672 4
154283 13
881848 12
765730 9
131136 15
826281 4
587029 7
994325 13
559804 1
250001 15
100432 8
652746 5
256723 2
4044 10
831763 13
209062 7
611249 6
198575 9
812104 16
331702 1
353546 14
400729 4
628700 14
729644 1
103802 13
555742 15
835187 15
722293 12
221248 13
697133 10
20907 3
933087 1
38910 3
420182 2
132103 5
984389 5
761618 16
301240 16
200074 2
941933 6
131088 14
69629 2
107913 16
133083 16
174344 4
327758 16
900219 6
694715 9
64520 4
734192 7
614063 4
212331 12
483965 3
436084 15
936066 10
298692 12
640628 2
523791 14
437240 10
950786 7
422575 7
386849 10
293006 3
789337 15
739808 14
761610 3
253088 8
478109 16
678916 1
296446 16
692564 11
949901 5
184699 2
573061 1
176164 16
573985 4
368142 11
644210 8
934631 12
34793 12
181064 9
368079 15
647851 13
233317 8
878475 6
247408 4
133654 12
542925 9
135075 13
476776 14
177613 15
559417 5
537241 16
735976 12
84884 16
31830 12
211288 3
438899 8
859133 14
493873 5
565886 13
383371 3
433048 3
933168 4
870094 8
503851 10
446532 6
84703 11
239994 13
132829 11
920784 12
927476 3
69572 5
731579 13
607956 13
893422 3
575566 9
599772 6
946116 2
306819 5
871840 6
99134 9
827407 14
663811 1
499043 14
680992 14
541277 7
199072 2
484867 11
274478 10
355311 11
318586 6
976551 3
426520 16
944759 13
758888 9
118277 8
411315 15
244511 16
218737 1
78303 14
672468 6
683764 11
301979 11
605549 2
998039 2
950035 7
833415 1
536419 2
557569 10
556356 4
605010 8
203244 15
588390 1
535340 12
929173 10
365604 11
171954 7
417868 4
408623 16
722416 8
916101 1
929691 9
953870 1
469079 10
647867 8
684979 4
643489 9
921428 8
103200 2
474671 16
819238 3
681341 14
606372 10
712784 12
488722 12
104940 10
165522 15
792182 11
70452 12
794539 2
342468 14
386831 11
962128 14
621862 8
152346 6
88989 2
907409 8
362441 7
581219 11
588613 5
36453 10
695413 2
895526 8
127030 5
302691 12
398151 1
470432 7
552341 10
908785 5
987284 1
232040 13
779768 16
455589 8
554808 15
948863 4
968364 5
348358 14
6577 3
298631 7
884182 9
821154 9
530879 14
763450 15
315545 6
84754 2
598168 8
718783 4
721356 15
889132 16
202458 6
574955 13
958778 9
554517 8
707675 13
632167 16
663822 10
886744 1
38337 4
446498 8
639935 8
970097 14
108955 9
866557 6
229898 5
140084 9
556643 8
240716 7
910658 4
186182 7
796540 3
263209 13
960472 10
484432 4
918564 3
767777 3
869693 4
671394 4
159127 2
91324 6
238745 6
577972 9
957438 1
271155 12
648934 14
36449 1
670787 9
862130 8
272644 7
618448 1
457988 8
357769 13
652917 13
725197 7
352598 3
331679 15
361116 5
842255 12
240690 12
139435 10
364092 14
791987 15
803051 1
542994 3
689405 7
374328 6
518504 6
581014 3
124335 10
923809 16
538901 11
506612 5
15215 10
181655 8
814305 13
143901 15
13846 11
945998 15
171257 14
351168 9
567313 15
198684 2
651605 14
259113 7
169967 11
400167 14
836005 16
496923 10
525415 5
228145 14
686189 8
343216 9
122440 5
462173 15
917594 7
73553 9
751844 16
3699 12
951520 9
200766 13
833306 1
388928 9
694578 6
404834 13
745478 11
805727 10
681222 3
671982 16
942137 12
695676 7
228765 4
808906 12
520719 1
95101 13
456051 11
413717 9
474539 13
176473 7
485654 6
917279 4
732727 2
889769 14
385136 9
170070 9
747786 8
708402 15
138456 11
665781 10
951815 8
472194 13
907202 3
364373 8
213813 8
654052 2
47496 15
552432 14
390739 9
492406 4
267429 7
212087 16
989697 10
814754 14
145818 13
109544 2
296961 5
218446 16
145239 16
977621 9
378234 3
873093 13
611915 15
265546 5
92199 11
381139 6
225026 1
689220 5
43546 9
143208 9
807121 11
801819 10
391684 11
773502 12
420697 5
322195 12
319424 14
85770 13
765610 10
876722 12
601310 9
528205 11
811205 6
38023 5
4573 7
53447 14
989787 9
243439 13
179722 13
784249 1
447777 7
672170 2
927118 7
362518 1
386521 13
101207 14
755568 7
473081 15
28687 16
135873 3
529641 10
742940 11
655143 9
402888 15
842341 10
939330 6
618638 3
557657 7
861579 4
841125 16
309475 2
610296 1
747412 8
169035 11
802106 8
712443 9
173632 8
420071 14
170332 1
320311 2
731220 15
95480 12
578888 8
363525 10
945997 9
137307 13
691087 9
593122 16
173317 3
881040 14
733872 6
865082 13
362514 9
985201 3
72242 13
435502 12
711435 12
235240 14
949859 11
871439 11
507473 5
979244 12
260315 15
817904 8
426220 8
181334 6
975686 15
118665 12
287803 10
636630 11
985680 11
552683 13
832678 15
840511 10
184906 14
307249 12
338507 11
230916 1
59118 10
429628 10
425980 4
65095 10
310242 4
491721 11
342454 14
335775 15
676341 11
561388 4
197898 13
755472 3
635811 16
557211 1
507357 3
825565 12
857431 12
292023 6
408438 14
579997 2
638138 9
288957 12
274918 4
715521 8
261280 12
419344 13
892669 11
667409 6
885268 15
129268 12
185657 5
99064 9
754300 12
553701 4
979990 11
71111 7
297598 1
847673 12
402287 2
999507 8
786837 14
854600 1
52441 12
732600 8
701762 14
590726 12
690608 13
717995 15
976408 7
784370 3
877098 11
188437 13
622718 9
855142 2
43298 16
492170 6
311227 8
484827 3
197884 6
550711 4
268230 4
616605 4
915186 6
76780 6
872161 2
586047 7
429633 13
582410 4
540667 3
457535 3
144302 5
979122 9
550048 8
925648 16
487717 1
460741 14
762181 3
762525 4
202287 13
408812 16
571872 16
598116 14
156501 5
754566 7
32362 5
569009 15
714546 13
902335 10
540422 3
802878 14
811645 12
428960 10
937816 13
636370 3
594171 12
356254 4
63051 6
116205 12
90776 5
573149 3
252251 12
494698 1
864162 10
349526 7
830105 10
595106 11
612773 14
334877 15
209971 9
902246 16
273029 2
296282 4
723198 11
155902 3
976240 9
162945 6
588639 16
563607 7
733726 16
412022 15
16236 8
400489 9
911441 5
666545 12
491365 10
105572 8
12333 12
19888 16
522560 3
425397 12
252879 2
117647 16
547376 2
988929 16
769684 3
527636 6
737567 1
724984 12
313807 13
643645 5
817395 7
762899 1
448063 4
201704 9
572149 8
152349 16
688841 14
77270 11
83810 8
926096 10
947375 7
108591 13
849067 11
299112 1
674104 9
498212 12
77882 4
122904 6
297609 16
970369 16
693314 6
781120 6
65133 12
458320 7
888923 14
481767 13
327794 12
989423 10
629269 5
71848 12
303037 13
245496 9
598079 14
400107 8
905017 7
637246 10
30559 7
410041 1
751983 4
503113 15
126206 8
347071 6
650466 3
590424 15
628690 13
942463 10
722344 2
656657 7
814663 14
899302 4
481590 12
606546 9
809588 15
788398 14
368213 5
5366 1
266316 9
301696 6
173054 16
910971 7
605549 2
276432 12
329379 3
918138 16
54007 5
341189 9
508635 13
275326 10
595590 9
889702 7
579274 12
555382 4
738636 6
164243 6
715401 9
799490 4
63007 16
379822 6
944923 6
366415 2
450519 10
902722 13
572903 5
4695 11
983097 4
522909 15
687779 8
174197 9
819649 2
880712 14
790864 7
876160 7
492242 1
488584 11
216341 9
792417 7
501998 9
306204 9
825649 8
914181 11
646883 8
871214 7
843667 13
314747 1
904320 1
518705 2
844433 16
422143 14
206685 2
841658 1
251778 12
673478 10
390970 3
845801 2
738245 5
462754 11
525139 15
570325 14
727463 13
846371 7
766449 2
546921 2
86697 9
903063 6
416795 13
97368 7
217694 15
447549 15
292851 6
567563 14
892141 2
47643 16
467593 8
44547 7
602360 9
11043 6
66542 6
334955 10
966889 10
927279 5
970066 5
391300 13
414252 5
612351 3
343475 16
955966 3
636431 1
823444 10
155977 1
239431 11
329374 11
989059 16
875259 6
334575 13
378079 4
949404 5
822405 1
153616 4
850106 16
319336 1
611423 7
833985 13
119863 6
739984 2
680618 16
38156 1
346572 13
946950 5
53385 10
736082 12
429559 3
207277 11
747240 4
571177 6
711896 3
635471 10
762647 16
296953 9
668864 4
131499 16
736307 7
315032 9
180236 9
822421 7
510223 9
384367 13
145718 8
530791 12
92356 16
378335 7
193847 2
529641 10
203374 2
367421 4
328749 14
408908 5
635217 1
823106 14
993410 2
557041 7
410086 15
661934 5
902766 6
241800 14
555718 5
894203 1
336924 14
149967 12
203615 11
854183 6
527951 5
565376 2
804938 1
585121 15
220019 10
852956 3
683770 12
147442 11
427700 5
861107 8
736816 2
302249 2
124700 3
65313 6
859392 3
227700 10
137031 5
504381 10
516091 6
595405 5
434155 10
279219 3
888947 3
394276 3
103827 4
400840 13
684934 7
914701 11
921924 16
127986 14
366521 12
366528 12
754306 13
669594 1
46540 15
328415 5
619124 10
614063 10
98769 9
658764 13
440358 9
521522 14
171054 6
427359 14
984783 13
494807 14
430862 4
879754 1
450094 3
134394 6
943070 8
770955 8
567688 14
252293 5
218050 8
829008 3
818292 4
86489 13
753604 1
123067 2
667536 13
365016 13
795769 7
919122 3
949984 12
885215 7
5206 7
994570 12
234616 15
252062 8
37888 3
856892 6
349730 13
659905 11
653945 11
417012 13
716915 14
560960 6
328744 11
671252 5
561468 15
343390 1
701084 3
64416 8
434192 5
684192 11
873087 1
394675 11
34701 3
384379 3
234440 8
495231 15
916190 11
900440 5
105003 12
380861 2
478810 6
622282 9
486991 1
514708 2
348485 13
248589 6
525891 8
121681 16
494733 7
598630 4
504373 12
251552 3
629657 6
840978 14
694962 8
666151 1
863954 5
469170 2
690436 14
592240 8
938150 6
38462 13
590236 4
277740 13
119574 1
8676 11
793397 7
673505 7
555049 15
489840 2
462499 16
395464 1
590039 5
597135 14
941497 16
353590 3
687044 13
458412 16
492284 15
476673 12
483316 12
894248 8
737395 14
362352 1
228840 4
311730 15
694026 1
591412 8
663033 2
695248 12
873627 3
726149 3
358112 1
812990 14
615482 13
523840 9
400468 10
202422 7
123814 4
484597 13
115546 8
750258 11
465341 12
621944 1
538408 7
563026 12
705557 14
411361 13
586188 12
475366 5
372495 3
317523 8
331645 9
535628 15
349997 12
66908 7
547079 15
327995 5
930118 6
5942 9
127486 6
838157 3
450676 3
478624 4
856244 1
819195 16
249478 5
984219 10
406360 15
513640 16
734439 4
541744 2
385542 3
713382 11
609431 10
699500 6
462520 3
156099 13
855852 2
638695 4
652516 11
62626 6
819547 7
603165 16
780404 11
518584 8
248078 4
757752 4
683893 3
805851 3
152856 1
570464 16
319266 14
456651 10
557270 15
662862 2
207761 4
512694 4
956104 2
271131 13
645492 5
883638 14
48461 4
637453 15
53208 4
496641 2
765767 13
39370 13
325429 15
318522 15
509616 9
204476 3
276908 2
426520 3
968611 3
522287 11
629734 12
634849 10
675037 16
476734 16
31717 4
652075 1
398760 15
12435 12
932011 12
352913 4
61650 12
509439 7
770260 1
742555 11
281162 10
807363 12
453684 10
914625 4
925789 15
236061 6
430044 13
803363 5
89185 9
746633 11
842217 10
889692 13
548803 13
518262 15
963065 5
210036 12
968128 9
282581 12
948082 9
359349 8
946706 8
241334 7
165313 3
369134 2
451431 6
490118 10
347433 8
365295 14
372023 14
304145 3
978298 8
838474 10
708650 8
237054 4
339317 1
527024 1
334461 11
721518 8
464374 1
978115 14
844895 16
731965 14
549108 11
704779 2
491346 12
573961 3
457817 4
690135 15
785998 4
976110 6
583805 4
538376 7
275250 8
884983 11
17229 12
348389 16
6487 10
588175 4
56572 4
793783 8
743045 9
468248 11
444343 9
609023 6
737488 5
600388 9
314670 8
888429 4
110675 4
11499 7
987922 2
493589 15
813792 9
909608 2
604122 4
397150 6
599567 1
447547 8
406590 1
219424 10
738638 14
441028 13
1518 16
837949 4
773567 16
769535 16
644201 10
556831 7
556995 6
987733 8
116053 2
272980 3
298381 1
770201 5
809377 5
356709 15
568900 4
274194 3
114931 12
676450 11
773496 11
663731 4
122453 13
248894 5
804870 14
661339 2
769721 7
241666 15
238504 14
814299 9
928648 5
82587 11
79490 13
615683 1
241203 12
982533 9
465137 3
383869 16
189734 2
404022 6
202294 7
821865 14
953073 3
776561 6
792375 1
675259 9
961262 16
421977 15
884983 2
532241 6
57486 3
433016 8
165125 7
958605 15
743788 8
78874 13
549657 13
243061 5
670060 9
969921 2
507633 11
633690 4
170127 7
691872 8
153691 9
198304 16
780223 4
790016 6
439707 1
463355 3
405239 15
285281 10
362300 11
256603 13
621210 15
660075 15
675497 15
254124 14
683734 14
59270 5
591865 3
928024 11
425820 8
372112 6
671406 3
653205 5
249995 8
617234 16
739276 3
105313 11
353650 16
744366 10
364529 7
22283 1
811597 13
565605 15
719309 8
834470 1
997023 7
832669 4
973229 3
459427 14
452440 8
281461 3
228555 14
750231 11
17652 11
505750 16
55001 6
228602 16
307211 15
283055 10
384124 15
650910 8
116080 2
279545 7
64460 9
616849 5
348969 3
955566 8
470066 5
782923 4
263336 15
919377 6
64424 4
83218 2
40354 10
654445 8
135214 5
362940 8
433995 1
863548 2
356354 12
790433 15
267005 13
719358 3
103501 6
314771 7
703311 8
714127 8
746373 10
504505 4
520114 7
976653 1
776940 9
998702 10
826516 16
644826 1
25653 2
681506 6
73310 16
736344 11
808301 8
695978 10
462844 10
98307 15
292957 14
559703 5
959019 11
990724 5
870288 14
513986 8
582270 9
5751 3
66816 2
34585 2
131354 10
331158 9
118953 11
376119 10
42892 10
559382 7
667858 6
59775 13
437329 9
211485 12
835790 13
776607 12
690891 8
634677 10
356293 6
69492 12
814975 7
728713 4
950926 6
829295 4
45787 1
208077 9
554413 15
959003 6
83048 4
265347 15
463082 7
931182 9
876451 10
969736 4
637535 3
583765 6
804324 15
497933 2
915901 8
880849 1
577247 1
480368 3
95260 8
511005 3
95671 15
7049 6
731638 14
125005 5
850376 16
545196 5
311935 9
793685 16
746967 14
64479 2
322055 1
948407 12
92317 12
364741 8
124282 1
5292 7
698931 9
881398 1
643554 2
246736 5
36587 16
686540 12
356133 9
470920 4
429597 12
542955 16
872585 14
423511 6
919154 5
851313 5
81008 2
70323 6
685733 12
674712 11
896088 4
881266 8
848353 8
442957 2
954621 16
736478 1
768842 6
104900 14
3755 14
674743 16
455565 15
110775 12
575166 12
701745 11
863330 4
8747 13
147692 12
971428 8
509034 10
130587 11
811008 15
157717 15
885441 13
160882 5
492499 16
79750 16
113878 1
335208 8
462555 10
626644 9
620417 13
334057 4
133662 7
392661 15
466631 4
851943 4
726488 11
63458 3
430525 9
382459 1
223919 5
823036 5
368028 11
809238 7
324718 5
369993 6
813888 15
288437 1
901507 9
839568 4
193906 7
816181 15
402106 12
157776 13
597712 12
803613 7
119688 4
51762 11
263184 8
60420 16
238864 9
174796 14
819020 5
219003 5
971197 13
730334 5
591290 12
136996 11
421339 13
91108 12
800787 8
248114 11
274980 6
531462 8
343867 9
612499 13
404825 4
96029 3
255306 8
599304 4
815040 1
708315 10
239805 13
650117 15
139756 15
736015 2
422852 3
569714 4
7197 6
143433 3
886290 10
343709 15
505465 12
467865 14
368835 13
807897 15
239611 6
77718 12
971545 1
342414 5
454030 16
587257 4
123926 4
16000 9
415288 13
85225 15
241507 8
636586 11
853140 5
541446 1
437346 10
877625 4
644245 8
260830 11
39425 3
794037 15
839129 12
551015 16
291953 11
832101 5
917720 12
922267 15
558553 6
12900 10
867134 9
360088 7
243706 1
746022 4
712566 8
565035 11
743045 11
972352 14
49588 1
524021 14
389564 16
924468 5
423508 5
944012 1
724629 8
940061 11
487611 3
304095 9
190555 10
756000 11
689552 13
966394 4
724040 16
159960 7
284996 2
109469 5
833083 12
202008 7
821609 3
974163 16
571040 2
635156 16
492061 4
845968 9
758570 7
169704 7
619765 5
804901 4
261336 3
44508 5
117041 8
158686 14
465654 11
762012 14
186648 8
565051 6
420680 8
748720 15
518570 1
889945 6
919321 3
452517 7
613095 15
65536 15
714357 16
622360 4
570368 15
869377 5
937368 12
174585 13
469684 2
670573 10
736686 15
127345 1
605091 15
599163 11
979092 5
594037 1
29393 7
278743 9
665745 3
197430 7
949359 6
607090 10
655978 6
167558 3
83004 6
179334 11
351792 10
998092 12
548448 7
204819 13
555065 12
966974 15
278203 9
343569 12
25361 5
286844 1
893163 11
585496 15
967257 9
95471 2
228086 1
752587 2
701379 8
865670 2
387380 10
308156 14
699331 11
3901 1
874434 3
113979 14
552651 3
930072 15
794996 14
53801 3
205251 7
202902 14
606150 6
868149 12
240203 16
624496 13
884666 9
787237 14
52576 10
804134 7
294504 16
88110 6
197199 8
758281 1
86353 13
333056 14
388535 4
445907 7
529320 12
105037 13
7006 6
937547 5
504828 3
430998 7
357535 13
917347 12
450893 3
562474 14
508986 6
647566 6
590902 10
118064 9
278488 11
531334 9
516601 2
740663 15
538723 4
127968 2
416288 13
485096 8
157443 15
947144 15
806624 5
306614 3
634590 14
354918 14
532722 7
353310 13
247512 1
622729 3
547491 13
164560 13
345963 5
905609 5
828282 10
870644 16
577081 7
858696 9
185952 13
56387 9
241837 8
811917 11
734018 14
432305 12
3071 16
535281 4
122108 16
183509 5
777216 1
410124 11
252364 4
504764 12
89402 13
854835 16
589999 9
650601 9
730887 9
490239 5
265186 4
38046 14
610220 7
30425 4
621436 14
364778 3
702769 5
50516 3
757670 9
195577 8
552069 9
397905 10
884367 12
942910 12
532992 4
327609 2
137960 12
682771 15
23580 1
527979 14
996834 10
399122 1
653696 7
82230 3
431680 6
9623 11
722796 3
821017 12
458277 15
820816 12
184964 9
180101 4
371207 9
766486 8
480866 2
694136 4
141770 10
79674 6
480163 3
796368 4
550645 12
646836 15
604134 4
789459 9
933392 16
824096 12
287566 6
393116 11
388648 3
148957 16
318735 7
411448 16
117108 4
120647 8
429727 13
400895 11
964247 1
941467 8
837631 7
166519 2
484683 9
287487 13
312795 16
821476 7
304194 15
189801 15
695654 1
925277 16
162436 1
332730 13
129936 11
660862 12
632926 13
233449 5
540025 13
521260 10
248179 8
255350 11
288023 13
246305 11
916542 13
870751 4
300440 7
371559 3
595871 4
647852 4
478545 10
527697 7
138862 9
198761 6
509251 2
755027 7
186721 7
936436 1
741557 2
280386 7
108417 5
955152 13
993354 1
256945 2
692385 8
570517 15
487548 3
308243 11
114952 15
15987 13
190715 11
726155 11
345281 5
503932 13
780077 11
18849 14
288378 6
603933 2
950590 10
379326 16
757611 16
906190 14
44436 6
735918 9
334709 10
498303 11
27870 5
901051 12
361667 12
488264 9
760678 7
245944 11
14254 9
96126 16
49451 13
322829 6
294602 16
354420 10
271866 5
475729 1
748665 3
735559 9
997209 6
641849 4
536064 11
544704 13
643517 16
732151 14
740515 11
961822 7
321299 7
582497 1
12192 13
550591 14
346015 13
951768 2
680133 16
636495 13
603348 13
761109 5
496573 1
892069 2
744080 4
103902 4
137544 5
890142 8
523856 8
412593 8
996572 13
80057 4
554283 7
739015 9
919508 2
559561 6
311035 9
304645 5
745497 7
389204 10
203807 3
181723 8
140570 9
987433 8
726993 3
690787 15
463444 4
722537 3
450447 6
860583 7
775729 11
875976 15
515714 13
463355 5
849075 14
635232 10
204483 7
631963 11
856773 13
497191 4
722224 2
63559 14
338938 7
334077 4
577220 3
633596 8
273212 8
689040 4
83710 6
572532 7
765953 4
947923 14
432423 12
896631 13
698626 10
696709 5
912818 13
237953 9
105077 6
226737 11
793813 1
198941 5
818968 14
692312 16
491782 9
361024 12
218295 1
716929 6
653754 4
434457 9
280584 2
400886 4
886801 16
248312 8
858552 9
111829 3
778976 7
361795 8
478267 1
158315 12
314459 8
619237 4
297438 4
70066 7
796121 11
113104 11
959109 11
782391 16
166196 9
858073 13
653475 11
643559 16
235136 6
853040 14
437288 10
61967 12
946743 13
831467 3
661272 15
108749 16
278663 11
924559 12
162545 1
467940 13
622700 6
276583 6
360870 10
700348 1
409556 5
730369 4
487037 12
450177 16
360655 15
902176 9
194966 5
100880 12
374649 7
475623 2
968672 15
763889 3
837762 9
972544 11
370263 10
322721 13
242716 16
282980 1
767859 13
281024 16
983755 10
566494 4
111520 16
557023 7
819240 1
8424 8
756965 13
77390 5
938597 14
642742 13
580687 9
541605 16
443981 10
691012 11
960544 6
734983 9
108218 5
141907 14
216901 3
2671 15
219146 9
363360 10
633000 9
533302 16
8112 3
352223 12
688036 14
779993 6
763336 6
992425 11
455537 3
155280 14
84562 10
785286 3
548058 12
46392 3
508600 5
337614 3
103666 2
820852 14
253974 13
520364 9
93835 7
689645 4
520738 16
762889 1
663742 6
269012 15
607643 8
897624 11
725346 2
407783 1
783531 16
271421 14
979678 11
821882 5
493575 4
247620 2
521016 5
386029 1
359551 2
237574 9
728417 10
162203 11
253717 14
478579 13
408357 6
738859 15
373979 1
843108 12
989702 2
155371 11
910334 10
582785 16
518266 7
952575 16
948350 10
331415 12
238179 12
685593 15
324580 1
27517 13
576054 13
709545 12
634666 6
149850 9
805250 3
713647 2
644925 10
827343 3
947704 8
554536 16
470775 10
437278 3
40561 10
316421 15
704974 14
698992 12
182434 7
709481 16
560054 2
944220 10
184111 12
393146 15
630301 15
257188 1
635844 3
858152 11
819961 1
385248 14
767440 10
629359 7
29814 12
153278 10
863431 5
59607 3
591109 7
564356 10
274233 4
73585 9
6835 4
724798 8
461983 16
118362 6
854114 5
773034 7
332324 16
216761 16
784838 6
918910 12
634037 12
933812 2
445735 5
362921 7
169128 13
591076 12
150892 15
53719 7
941727 16
212487 1
568790 16
912849 10
963023 14
675489 13
758972 12
280348 15
428502 13
537421 16
534181 12
434736 12
287368 16
260469 1
320489 12
157477 1
177029 11
720845 11
272854 7
536338 2
98177 6
559622 9
11104 16
56180 10
890520 16
561945 14
650492 12
327246 7
837405 12
568927 1
304889 15
272661 1
86348 8
837857 7
360359 13
189118 11
92065 13
298418 5
852001 11
491978 15
991975 7
885564 1
733717 14
222313 7
408460 12
911769 5
388565 7
374801 16
904903 13
96706 16
43386 5
244249 3
39341 11
892194 12
20594 6
683573 2
231326 4
437053 10
668633 7
767992 5
611937 6
588620 13
337365 2
825173 12
757027 9
43721 8
378336 4
352171 2
602161 10
517079 7
494870 14
388508 4
303908 2
287603 5
870759 3
635751 14
991136 14
381019 2
249891 7
791920 11
543642 4
129085 14
554904 1
390523 9
495761 10
417293 6
60313 15
211800 11
787177 12
515517 8
236892 12
635777 2
680465 10
199399 4
390062 11
236583 9
994161 5
