3846
144898 5
729846 12
72099 13
984502 3
971659 15
579259 13
457848 11
774474 1
622476 4
182223 7
80977 7
60972 5
104161 2
571502 4
638823 12
397007 1
975675 10
539634 6
565552 16
569373 3
93441 10
279192 3
103610 9
489583 16
657301 1
595024 8
675712 6
1826 14
11301 8
588938 12
823764 15
868821 5
863089 7
630983 1
316665 2
910883 6
431093 12
494791 6
386848 8
270446 5
24205 7
587312 13
900984 7
442483 3
914091 9
553338 15
72132 5
888705 7
397437 11
7933 9
809076 7
975212 9
617740 8
588036 16
792047 4
938948 12
963474 9
632352 5
779113 14
704026 16
583544 15
877870 10
948645 3
959643 6
677783 16
360998 3
984018 6
701574 9
929243 15
2948 2
436721 9
406580 15
363069 9
316103 12
701674 15
349334 3
621533 9
41131 9
236591 10
567203 16
777890 6
145998 10
377127 8
933486 3
858425 13
323032 8
91711 10
621290 16
669259 13
929950 3
261572 2
521771 5
910496 14
637446 7
120179 6
419582 16
231181 3
96317 9
719794 8
365581 10
252947 15
176046 12
871484 14
327462 13
582623 2
985431 9
905293 8
515890 9
425339 15
275168 4
421626 12
977413 15
200161 4
910486 16
285580 14
398646 16
657179 13
829493 6
466871 13
331681 13
288522 7
666426 16
239760 16
796512 9
271666 9
604128 1
424244 4
113935 11
949679 8
400503 3
214268 3
255113 3
998400 15
240795 2
728596 3
988474 10
847300 11
71871 7
155921 12
382073 4
428705 14
676657 3
255701 1
652766 16
819477 12
519602 5
276144 14
359920 1
499262 16
813640 13
423190 3
462720 13
401862 15
29657 16
889247 4
923768 16
349143 5
956632 16
461911 7
470765 11
654309 4
47140 13
454499 1
866283 4
75861 1
851828 14
219238 12
747793 9
929180 9
939691 7
145639 4
260329 16
734864 13
448139 9
85805 8
245297 16
242890 7
765571 2
427737 12
291629 11
805553 16
310919 5
914468 16
25227 10
476498 7
249772 15
415976 3
754620 15
99226 7
711573 7
212375 8
304873 15
221832 5
617130 11
673567 10
430772 12
687819 7
443087 12
227068 10
201506 1
485857 13
305888 6
394472 4
675203 1
628628 11
851866 12
967043 2
1060 9
157746 6
221403 6
338308 15
100667 7
960360 2
935317 15
572976 11
393459 13
755171 3
104692 2
904897 7
256105 6
727617 1
153546 7
299296 14
48147 10
202634 2
531880 11
594441 3
606762 13
76284 10
329642 14
551157 16
602803 7
689250 10
996488 14
806933 12
971734 9
29284 12
568198 3
54721 12
806292 16
670177 9
785983 1
175419 16
390102 5
343924 12
752236 1
76444 1
63496 7
605926 8
224796 15
955072 5
837418 5
281289 12
101897 10
968121 3
410488 8
413441 10
765207 8
472543 7
420236 5
696984 11
180382 14
673834 13
549160 10
410907 8
924025 1
85223 4
951327 5
134475 6
272333 13
110204 12
768176 4
568392 3
46003 13
668317 16
626727 13
292309 14
345563 9
864206 4
28098 3
245800 7
823473 8
671112 5
514470 6
855518 1
651537 6
463978 15
192153 2
727271 11
899487 8
792078 11
104952 6
291019 2
796994 2
136605 16
559175 2
559263 6
333568 11
411511 7
289226 14
865717 4
848092 6
420690 15
880763 13
823317 6
773905 16
627013 12
188915 12
392727 2
649863 1
461691 9
56235 6
165406 10
216225 13
106174 2
422293 3
49781 16
514593 7
327032 6
753235 13
912922 4
886047 15
368703 14
353353 3
187782 6
665942 14
689125 9
922770 5
351653 11
223937 1
881791 15
511045 9
646028 9
167999 7
312980 16
958510 1
442044 12
662880 13
411974 5
412411 11
846843 4
560619 11
845431 13
123290 5
702786 10
382227 9
24769 1
903231 7
578220 11
576985 6
234242 9
837290 3
183162 12
932002 9
130243 6
68417 1
211455 2
262855 13
993236 10
476584 10
9785 6
27 11
77496 7
98218 13
46740 5
829707 16
745098 12
575811 12
201190 5
89073 1
520567 10
4381 12
117431 6
874525 3
746783 6
704746 15
534896 16
223619 13
866639 2
241832 2
252856 15
598645 14
333541 14
477293 1
804806 11
113957 14
684769 14
782247 16
901955 7
316992 14
562454 2
621290 5
89578 16
743848 8
982163 14
3505 1
301738 9
440950 13
954176 16
71425 5
741225 1
824827 10
832390 9
535885 3
221811 10
422505 9
777015 13
174989 5
133544 7
620412 14
230109 15
578060 14
523877 10
874656 13
837894 9
512113 1
949329 14
106389 1
145205 7
621199 14
977356 12
526433 8
234833 9
475941 3
543453 3
677982 11
778312 12
480494 1
853605 10
50818 8
619277 15
987059 11
830525 6
312106 15
798770 13
543373 14
264794 2
973994 5
533246 6
660706 15
354021 9
831578 14
746932 2
625385 5
737299 9
384784 1
749535 12
847657 5
515191 2
88392 5
200802 4
458188 12
255677 5
464341 16
121028 4
214611 13
807001 8
159205 4
298258 10
233264 7
16836 13
246312 11
140315 15
939011 11
222305 8
122385 9
128172 1
849723 4
319959 1
177415 5
763570 2
589495 10
5292 10
954952 9
195233 11
28451 13
164064 15
763806 16
593724 12
837538 1
848514 4
438054 2
183041 14
368861 8
117073 8
731054 3
218249 7
723819 16
452986 4
730107 8
52915 7
702532 8
216430 14
320596 16
428774 6
875255 16
477639 3
852361 14
132346 7
473252 9
630913 14
505872 4
774224 8
593850 8
379235 16
379533 8
674304 6
354613 6
509731 8
140660 16
416307 11
336741 4
574765 11
177432 14
63227 5
774928 3
385864 11
64984 7
533275 13
246314 4
95418 3
322274 7
618811 5
987222 6
144315 5
799440 12
589916 3
101851 12
412770 1
434992 9
814430 8
911959 10
265669 6
17035 13
459413 16
700626 3
699438 7
372370 2
314990 9
248450 14
643674 5
685129 14
783747 15
270002 9
175244 2
378390 9
455933 2
981328 11
346593 1
423041 5
743886 10
622084 9
511628 8
658301 6
583867 16
322589 14
69167 4
120836 11
325270 1
870640 14
10514 2
38064 6
900541 10
618540 1
50959 6
843746 7
315299 9
924820 12
781122 3
28335 7
494966 7
451289 16
990186 1
618092 9
825952 9
675875 16
493358 10
495222 6
858333 13
121390 1
385984 13
396795 8
177933 3
809823 12
254760 5
105707 1
955511 15
925238 13
603470 3
668848 15
410694 2
565304 10
342120 7
834033 10
707213 8
134559 12
93452 1
128334 1
327125 13
504342 3
279020 1
437852 12
951322 9
271917 12
267419 5
835284 16
502074 14
481036 15
698009 1
623896 11
180817 4
349822 14
375637 8
410893 11
177625 13
328477 14
95942 2
260956 9
660699 9
517931 10
618497 9
704487 8
648041 3
266960 5
420018 15
83166 12
180342 11
267749 8
663999 6
362573 2
39665 3
411842 1
109219 1
578154 16
812032 13
516157 4
134386 12
236581 16
324399 11
274041 13
702514 6
397469 9
852644 3
985247 3
232374 3
778547 10
507026 5
492878 14
783678 10
866792 7
328832 8
790288 1
597166 3
936747 13
811036 4
869776 1
881391 5
524739 10
455088 2
155387 9
989090 15
45930 11
607701 9
542814 13
527065 1
954730 11
284592 8
214012 2
657479 8
196423 13
140649 15
511502 13
358267 9
338266 7
68051 13
475907 7
94652 16
921665 2
375396 11
36866 16
700693 13
711109 1
7547 2
671644 8
893125 13
726723 13
545496 13
456396 9
330492 8
806677 5
946132 2
578773 7
14707 12
464756 2
403354 7
717433 1
437783 2
837112 1
724590 4
140060 6
918584 10
569958 8
983852 2
257290 4
624709 10
531634 8
235029 16
791807 16
634423 10
407505 7
183134 1
704448 5
764707 15
647366 11
967074 14
248916 10
87923 1
258072 13
121484 16
159215 2
820591 6
572387 4
4733 7
55844 11
359378 9
751552 15
458888 8
793718 9
115958 16
888796 1
744168 4
711013 9
831576 8
613787 7
15167 15
498356 12
883749 11
512837 2
116017 15
4717 12
881157 15
30535 2
999475 15
490095 4
792128 13
52020 11
272322 6
298881 5
264267 10
582736 9
507820 7
936848 15
485248 10
396260 6
169798 16
807516 12
35842 10
968010 1
432858 13
187626 1
916661 5
561873 5
255406 4
604984 13
893965 14
70478 3
417970 14
857325 2
429852 1
82463 7
457949 11
884239 7
615397 11
442129 2
98363 4
935127 13
517341 5
573879 13
542414 10
225211 10
415884 1
467918 2
48111 8
445048 13
386511 16
802933 4
430714 2
890000 10
267683 2
138960 6
606531 13
37894 5
981313 11
428114 11
735471 16
504968 12
302925 12
970099 5
19334 8
901311 10
146092 7
382042 2
216110 3
594821 7
683219 7
33862 9
813100 4
400680 7
530497 8
584086 1
406576 1
468260 10
644057 13
847140 7
377944 3
914183 5
60375 5
898566 9
138777 6
139236 7
829533 15
72611 11
889279 3
697233 2
85259 9
563515 7
254516 9
545015 8
275241 10
587300 14
401846 6
724036 8
762879 14
250587 3
568300 11
798323 2
699577 7
531261 2
630882 7
300618 3
249796 16
919627 16
169622 10
265857 11
525695 2
537213 11
165123 11
251272 4
12646 6
970111 3
981166 3
128229 11
238083 11
762686 13
703192 5
956035 9
563455 10
36216 3
270518 10
194843 3
773134 9
461779 7
552198 6
125473 5
185385 11
351274 5
801424 15
159726 13
208036 5
528697 2
842328 13
298610 14
77080 6
985381 14
377439 3
395662 13
334866 8
538247 9
243666 14
254211 12
132324 15
240625 8
741042 12
931289 15
837141 12
783831 5
118918 9
445280 1
955651 6
109355 10
694247 9
67829 5
594023 15
702673 16
104411 11
863697 4
710558 15
405567 12
196388 10
559053 11
632215 15
496371 3
277955 11
977552 13
855308 4
466859 12
781719 7
520062 10
543129 14
768901 16
559765 1
222228 3
54187 12
175794 1
610522 13
273316 8
908770 7
416283 3
442098 2
636472 12
166643 6
921550 1
58484 7
695764 7
102383 1
359067 5
952312 7
962702 10
737613 14
229149 2
860274 8
403901 3
209793 1
570419 7
267787 10
414207 8
860856 11
231683 2
847117 2
787535 10
789145 2
307285 6
163882 8
492842 15
716832 9
478514 2
790187 6
217389 14
558109 14
235236 4
208230 3
327604 8
654639 8
44711 16
644104 3
877012 13
603176 15
250427 7
298541 8
208400 6
214381 14
194171 1
574478 5
166730 12
783142 12
801758 16
489864 6
903345 7
730320 7
651490 12
969272 13
667536 13
303191 12
151602 15
690804 3
624034 11
642997 2
364495 6
169262 2
112394 9
528118 1
160331 7
525830 7
774371 7
224563 3
601763 12
411432 16
369780 14
176757 16
333424 4
568649 9
723418 3
849396 7
559137 10
302066 15
687128 15
280100 5
161122 13
445554 8
505704 9
734450 12
202466 2
738229 9
547584 16
890740 11
84974 6
400079 4
561883 4
573366 13
198720 15
591925 14
684899 2
99700 14
808754 2
237036 12
804537 4
354858 8
170708 15
21629 12
205141 12
969340 4
355951 10
838574 4
461439 12
49751 16
890976 2
264482 3
925354 13
493228 11
718165 10
595153 7
519658 3
757276 14
547051 9
510570 13
133902 16
744982 11
890689 10
649374 8
45081 13
115005 6
940676 10
923458 13
752301 15
255885 7
275814 6
891881 14
299507 2
694527 3
459047 1
391724 1
156749 4
920835 2
66987 7
141644 13
495738 10
200194 7
849709 7
79192 5
470650 12
389517 14
585781 12
523328 3
29645 12
127347 1
589613 13
879169 6
31430 13
535038 8
317490 4
647019 8
998222 1
738462 10
380449 9
701715 12
908207 11
119778 5
474815 10
377071 8
190524 2
83688 8
762237 15
657604 13
208317 1
223925 6
84742 15
915661 4
619198 4
620780 11
367217 3
549916 7
562329 6
26112 16
757277 7
226254 8
737203 9
941942 15
862930 10
757465 13
950734 1
784797 7
365839 11
293262 15
980152 11
242503 10
566042 11
843054 3
477752 8
230638 12
880129 6
182577 16
933826 9
493635 14
200706 14
674263 13
134202 10
328802 7
235309 14
879417 5
964653 3
970999 16
614416 14
47952 11
989271 8
640991 8
753013 3
846458 7
452824 9
108475 4
96384 3
350252 8
849076 12
575092 10
524406 14
412557 4
324523 16
101424 15
32353 1
517856 8
24309 13
967257 2
765459 12
605362 12
407901 9
182545 3
497495 7
272707 11
323947 1
578468 3
129441 12
846408 14
8301 8
461936 8
38567 15
194837 5
453689 5
864408 2
682734 3
254226 9
392677 16
934419 7
932516 15
887869 4
452324 6
381546 8
437618 5
554599 11
815483 3
423152 7
452471 14
27394 2
125547 15
432680 5
935893 11
814127 12
104594 13
4208 6
43751 13
488816 13
726722 1
133518 6
413364 1
657167 4
77562 5
660221 10
771984 13
807175 6
890823 11
223284 3
230580 16
608220 2
975915 14
576185 10
989080 13
304700 11
926024 8
373898 3
98182 1
49178 11
93634 4
34844 13
636537 4
617782 8
410957 2
68569 11
964823 3
98250 11
493395 9
93633 12
920324 10
454825 4
725547 12
62276 13
347361 5
720269 5
554968 4
240317 4
953725 14
68358 16
207559 10
998404 13
36055 6
484598 9
947531 11
748738 13
572649 16
208293 8
92239 11
144800 15
64203 8
489156 15
930668 3
690980 15
854544 3
14718 10
526634 4
852901 8
386600 7
454820 2
858889 4
976766 12
744519 6
591543 11
650131 4
872697 6
314378 8
118555 14
206545 5
393636 16
325970 7
848136 16
184193 10
697168 3
235487 15
343267 15
361417 2
815864 1
674766 16
417376 14
994883 1
598542 9
403145 3
896210 3
530128 10
876712 6
774756 3
209980 12
465241 11
151750 5
629867 8
389337 13
465017 12
391902 9
290619 2
258591 2
8846 4
246136 13
439691 4
361558 6
51401 1
580303 5
438331 13
252491 14
50207 12
585754 5
27563 9
97643 3
690694 13
82109 16
820678 12
357800 3
935966 12
736648 13
603411 1
174459 13
291758 5
126482 15
238192 13
450811 4
607596 5
15493 10
613296 13
549887 16
268276 15
284454 7
345198 13
665686 11
314701 4
869267 16
221984 6
180633 11
853429 4
450162 7
936926 7
473749 3
676324 11
543907 14
450827 16
829043 7
988850 10
798550 10
983170 15
676396 6
931322 11
528802 10
749563 2
668334 1
227242 7
111463 14
803395 8
532315 12
704513 12
309165 15
67385 14
582679 10
295932 16
424087 7
45624 10
1567 9
113241 5
980331 4
261832 2
224550 11
345991 6
587119 3
586071 2
645353 6
140639 4
392881 16
349978 5
161761 8
871738 7
988823 4
94852 6
816820 2
156958 5
276758 15
634104 8
908403 15
802520 3
569703 10
729778 13
531450 8
31882 1
412308 11
294235 16
487667 13
742854 7
294143 13
618955 5
795525 11
882930 7
450825 3
783875 3
703515 13
546345 9
870685 6
428706 16
72211 5
481260 4
881622 6
561209 12
308783 14
988599 4
798018 9
274681 15
954745 3
779770 5
734859 8
540528 11
123989 15
61139 6
632925 14
626334 7
716788 9
669239 3
621089 7
858203 14
130219 10
136167 3
676656 7
672737 7
619136 8
328640 9
740759 2
966158 4
823400 16
594289 13
33478 11
866277 4
443941 13
818231 6
291678 7
470833 12
595607 14
826404 1
256583 6
367715 1
267699 14
714529 4
347766 11
535186 1
766661 14
376335 10
407687 5
401189 11
785381 1
519642 12
773698 7
801788 13
953990 14
586558 15
332844 1
307426 7
505539 8
80570 16
956182 12
871295 16
659318 8
996344 9
681603 8
52733 1
448236 15
633065 11
647060 15
120921 14
724347 3
60311 13
426557 13
737451 12
810240 3
239410 6
348769 6
716397 3
378917 13
715602 8
794731 5
584125 4
485531 9
731642 6
201601 8
394793 4
101606 14
786832 14
86451 14
133291 6
121194 7
724258 15
91355 5
944303 7
319897 16
216757 5
489691 4
753190 3
314281 6
569224 13
196262 13
898235 15
574307 11
134741 8
118688 5
445823 10
791408 13
510510 12
550963 9
60043 3
165185 4
715209 6
237403 16
40850 6
754476 10
796723 5
524872 7
377018 5
456809 5
464800 12
187568 14
306396 6
801803 13
240850 13
678809 10
841861 7
438149 2
217314 8
404117 1
376517 9
735306 10
762331 3
32290 2
834676 2
749174 7
398449 1
459648 7
390467 10
237415 11
998003 6
634986 10
661512 11
602459 12
585891 3
171120 1
283463 2
755965 5
960878 11
761554 1
287591 7
85551 14
255778 7
174230 14
549836 6
531502 12
252082 11
615148 7
407360 6
945987 11
212209 2
170479 9
303054 12
420832 7
479807 11
698225 12
120889 5
34087 1
365880 8
224180 4
598707 6
72419 3
641434 2
591818 9
942072 9
699851 9
109864 13
895246 12
960492 11
765754 14
871344 9
283867 8
603618 3
679950 12
99644 13
783293 6
810926 10
749053 3
78132 1
322534 9
524805 15
32898 3
961223 7
796448 14
27893 8
762185 7
223627 15
812794 4
697351 8
713584 13
715 12
787485 7
451861 6
57442 13
970818 8
751923 13
391602 8
557413 8
1515 7
855330 3
676333 15
224246 3
857511 16
398998 2
540381 11
290496 6
748040 12
343567 6
931704 9
208133 9
510025 4
440741 1
278019 4
883416 7
596355 13
668097 1
252626 3
296859 16
799475 11
498646 15
85893 15
944449 5
213993 15
302425 5
940128 5
784561 3
705811 9
215667 15
383443 11
362147 8
767328 12
964211 12
78274 14
132487 12
258353 4
282018 2
293852 5
56914 1
778780 15
578958 1
698312 3
77532 10
620247 10
897966 8
393050 13
349409 2
943804 10
4421 7
448364 10
86475 8
812713 5
17078 15
649837 2
322249 14
75602 13
464020 5
278912 4
514473 9
987042 9
118895 10
291755 9
895855 9
737955 16
893130 13
902479 10
886386 7
62828 14
427040 14
682691 13
435360 10
857177 6
96385 7
529165 10
739472 13
756905 9
454006 3
237524 15
475029 12
873485 9
596505 1
191084 7
936519 9
254073 12
923332 14
701786 5
224222 5
883759 12
635096 10
795698 12
590235 6
535310 10
637103 16
665843 13
510398 6
150584 8
620935 16
292809 11
220167 12
943808 9
726037 6
343233 13
279699 7
36109 2
357040 15
314530 9
11105 3
139654 10
667181 5
236719 7
892211 7
21809 10
572428 14
329883 14
162458 5
677118 4
268654 15
244551 15
670184 11
233106 6
314308 1
733032 7
243643 7
284037 4
346007 2
379670 9
178325 8
81872 13
868564 10
465677 12
326637 4
817709 7
623513 8
958847 3
508294 8
196913 7
778061 8
438843 8
265862 16
893309 6
331960 16
536628 15
566600 7
721082 10
461595 14
564167 4
70210 5
216857 9
360904 6
46406 8
706319 9
537578 5
910302 15
842516 8
836336 3
780341 1
881935 15
305946 11
158702 14
998131 12
402877 14
902548 9
333115 11
110116 11
22177 10
743496 13
285953 4
361437 8
821947 5
307382 14
663230 8
1112 4
704892 15
728160 8
644221 11
13910 15
326480 8
826228 7
992206 9
67925 16
642274 5
292406 12
735034 14
23998 8
681353 1
80320 6
266454 12
909249 10
89550 1
960037 15
348806 5
11717 1
201776 4
658724 2
109444 14
29455 9
493234 8
88978 10
179848 3
369137 1
642631 16
904194 10
422208 8
25496 7
103559 16
313432 15
11870 5
275405 5
162598 2
544938 9
865988 12
607876 16
810600 15
982982 7
280963 16
569608 1
673148 10
538624 5
331312 5
346881 6
217680 8
261166 15
824648 4
405289 10
943810 2
931408 1
383290 1
474201 2
659592 2
708489 6
307547 9
375563 2
606173 1
136838 11
361443 7
363332 5
145446 9
385255 13
720802 9
26272 8
49031 1
984862 12
81109 10
412128 9
113029 10
901973 5
701682 13
529291 3
272019 10
944782 16
645861 6
770308 2
745954 5
165185 9
686900 15
463886 7
304216 12
54185 8
108641 14
389811 10
251990 7
840279 2
199102 13
869735 14
192603 13
664108 3
917682 9
838382 12
988552 13
978962 4
998828 15
78522 3
448554 13
633982 9
374542 10
614074 16
406287 11
834436 2
179998 15
864035 12
562386 4
485378 15
108654 8
919779 1
301625 10
584364 7
117936 2
139166 11
411608 3
699203 11
12825 5
290093 10
728118 13
143743 7
667706 14
195373 2
653990 5
377728 13
849047 14
570601 16
924166 14
106731 6
210994 4
880476 3
990302 1
421997 15
923893 2
488340 5
216251 7
489907 3
962208 1
391579 14
746977 16
806799 4
139479 1
724426 12
216143 1
452908 11
724274 2
945560 10
724319 16
472971 3
903496 13
166338 13
726502 5
688175 6
228437 2
335086 1
838807 14
751290 2
841704 5
865116 5
772521 10
798628 9
92389 15
896055 6
674979 6
555413 6
75150 15
295364 11
632728 10
181096 4
726012 15
828854 12
144222 16
106028 8
727116 7
375770 16
135372 8
617811 5
818569 12
293067 4
811951 14
84589 16
886400 11
530334 13
469613 13
892905 14
516356 15
75300 2
25004 2
599389 8
714251 16
550158 1
515749 4
182251 13
891572 6
942744 10
865371 15
620111 10
240270 13
974479 5
901074 12
833750 12
324916 13
532104 3
139465 12
281198 10
374951 8
404939 12
806973 13
712530 1
921161 8
620090 4
617034 11
746059 3
665308 10
239294 1
329162 5
713224 8
274468 13
434800 5
709987 3
794714 9
554478 8
461553 13
126757 4
96621 11
806996 10
164670 16
481808 14
367159 4
2515 11
938121 11
995417 12
832686 15
788306 2
127558 3
197827 2
215760 12
928924 2
506540 9
954309 7
627027 15
803939 6
158080 8
729611 10
407392 13
38910 1
309742 11
33347 5
604522 15
268394 2
828070 15
451297 6
920857 16
269726 2
71285 10
359602 3
295390 7
392797 5
374773 12
616196 15
553724 1
486000 10
458074 6
31898 10
140037 5
430397 10
59865 13
343313 3
767678 7
885570 15
611384 11
560500 12
3413 2
386055 3
330951 13
628392 4
894193 3
168457 11
891570 13
462846 13
10627 6
41077 10
658177 7
580918 2
624413 16
918526 8
532386 13
540975 1
969293 7
967967 15
507859 12
919982 5
639989 14
641080 12
741334 5
748998 1
722261 8
476118 4
941736 15
532012 11
658000 5
635244 10
601620 5
180830 4
333065 10
529490 6
627821 2
364909 8
519949 6
900296 9
668345 10
472598 13
204780 8
28010 11
523225 10
213889 6
304214 6
956583 14
853500 10
381393 1
158660 10
376865 10
872337 2
405397 9
560213 12
87613 16
50078 8
977579 16
926441 7
637891 16
718784 1
62626 9
995416 7
168130 13
104365 11
79186 5
693004 5
963202 16
401170 6
181251 12
64021 6
259454 13
447028 3
717827 7
613238 3
825749 9
181245 8
533839 12
366367 5
585055 1
637909 15
659881 12
470258 1
981721 6
696203 12
451801 2
461929 15
653883 1
167004 15
726828 15
342489 1
215451 16
884313 8
710765 9
278273 13
576185 3
393496 14
373576 9
510765 2
320732 12
930174 15
866518 12
269234 11
277258 1
378392 3
776103 4
510187 3
661165 5
193613 7
778738 14
142870 7
266421 1
990548 9
994591 5
316331 14
662065 14
161283 7
427534 10
110812 11
597871 10
194093 8
378830 8
481671 11
193376 3
597598 1
348551 8
559078 11
676587 11
691121 12
729745 13
744545 1
446483 4
213754 15
74151 12
197116 4
599864 16
430810 3
942525 14
742046 11
915847 1
1273 1
977246 10
855295 10
938736 11
61895 10
419015 5
805562 3
755560 10
381128 4
43306 4
48549 10
394015 14
320672 8
574240 13
812396 4
486086 1
453289 16
711280 2
518009 7
708641 3
418462 2
8128 1
501974 5
399830 13
207174 16
62662 11
210017 2
432838 4
976825 16
747263 8
944739 15
601721 1
573925 3
141342 3
157053 2
551206 6
127151 15
27666 7
146588 11
628146 5
584316 8
466296 4
387199 5
283776 11
277338 4
573928 15
150563 2
235534 9
625606 4
875276 1
73326 11
681112 5
986951 7
860352 9
717871 14
951793 5
869332 12
909581 4
771379 12
921644 14
355330 3
275 4
568273 3
304047 15
859596 10
668815 16
2336 2
778817 8
188245 15
36335 2
465538 11
950160 7
648998 15
715390 5
411170 16
696846 14
595630 7
888469 11
20861 1
95643 5
506790 3
698921 11
743360 3
739243 14
694691 9
406143 10
630362 14
690057 10
38063 2
881517 16
506170 1
416593 11
537298 2
327017 15
839882 4
463249 16
758372 10
928753 12
609910 15
43606 6
742399 2
713094 1
366130 4
900134 6
805276 2
835459 11
38610 2
982382 2
312329 16
729285 4
910973 13
232453 12
722102 8
817269 12
301155 16
191312 4
577115 10
524672 5
582643 6
308647 7
1435 11
389990 1
905047 3
896960 12
645190 4
150885 1
857811 4
465090 6
190896 2
889869 8
616603 12
790567 10
380185 10
148493 7
495854 9
376747 13
367052 15
904345 1
169823 15
227681 13
561673 15
890870 5
165922 16
513754 9
734965 8
645266 6
300592 16
86005 13
958787 15
604102 12
243626 16
269538 12
98590 8
659580 14
226347 16
127170 8
945596 10
317803 14
726162 8
779874 13
974405 2
865747 3
138597 15
522776 11
764532 10
153035 15
184596 9
701780 11
91661 4
688223 7
383433 5
688910 15
41926 6
985431 12
993426 1
737222 16
282681 13
221199 4
471545 9
377855 13
897880 14
709723 16
266290 13
336512 9
320933 8
151995 14
327544 10
697034 6
766612 14
969124 6
348508 6
388942 3
358463 2
167495 14
113853 12
984897 12
208514 4
687125 5
527409 9
556302 15
315898 3
722908 11
62668 14
637037 1
282503 3
451499 8
31891 1
24263 5
854697 2
488383 4
920029 3
82641 16
285836 12
98251 15
370617 14
706142 9
199348 15
215454 15
663599 1
52810 1
965381 12
962801 15
75944 8
698079 15
301970 8
490204 6
457617 8
761794 6
685694 2
587716 3
502690 13
277530 16
695325 6
337711 10
726542 10
890598 9
292998 12
107605 16
987200 6
180293 11
220838 15
972366 10
820592 3
813185 2
461274 6
559753 4
356723 5
336750 9
706734 8
11872 12
846701 14
211628 13
57408 12
560111 9
379345 2
828805 10
408539 12
619832 1
126230 11
171712 4
654758 14
597502 5
685479 14
644857 10
221976 10
358083 10
538631 12
301111 9
320891 16
723568 3
200448 7
15305 14
544737 14
442819 9
113478 10
415983 13
71782 15
972708 7
353519 11
52740 11
794011 12
221922 13
334003 8
959520 10
125720 6
454104 16
279091 3
149458 7
180361 8
648607 2
931280 13
769884 7
836259 13
279805 7
45078 9
540031 1
519353 10
333522 3
117291 13
369178 1
905785 6
729193 12
440706 12
556429 4
280889 15
504414 12
347780 9
230065 14
267382 1
391807 3
106572 12
918054 7
875093 14
14284 12
80229 8
660625 5
214763 1
592753 15
981258 6
353752 7
709719 3
942864 9
709952 2
758060 4
195684 3
871670 8
669150 12
259864 9
558335 9
236375 9
988241 3
178808 12
905045 3
121344 11
318227 13
609018 9
658377 4
656397 7
254794 1
251701 7
52203 7
99417 5
32668 10
523074 1
224879 5
517491 7
647489 11
819090 7
995425 4
841385 1
81594 14
407935 9
887947 13
810821 8
830122 14
285645 2
153631 3
798550 14
380418 9
686296 14
437168 12
738891 9
126006 13
726280 2
792679 5
8242 9
359305 4
999639 16
923903 16
373382 7
897575 5
713864 14
676840 6
899420 10
263234 1
412507 7
325429 16
478298 6
833526 4
964928 13
706367 3
82506 11
658782 8
56367 12
468418 12
399895 9
657430 1
399886 11
781691 6
147441 9
527221 13
190692 2
157988 3
867293 5
165637 3
870176 5
968910 15
91614 12
759108 16
805634 12
452048 1
862089 14
14973 4
485206 2
379780 14
131831 4
686859 7
50086 5
303725 5
944536 9
967601 2
839716 1
757200 15
598716 11
763588 3
912451 13
883710 11
714441 6
945656 14
105433 5
156766 14
114246 4
662083 12
599092 3
696233 2
635701 1
974926 13
673596 8
422732 16
526730 13
465727 14
975281 11
473410 15
587880 14
152289 13
709138 5
184387 13
340727 9
23078 9
640685 14
608845 10
293697 4
604440 8
821251 5
850151 7
427838 5
165161 8
158901 16
82154 10
788996 14
375607 16
71714 11
312044 1
503763 11
913359 16
297212 15
53992 16
726914 9
387792 1
115052 12
245190 10
753557 9
364825 9
983434 8
248371 11
896890 16
306688 6
112915 7
42069 4
17950 6
360353 11
913183 2
547880 16
692039 3
756941 2
219408 11
75740 1
801160 4
419135 1
660404 2
786186 6
375926 15
483629 4
503556 16
477739 10
960805 7
35886 16
1371 14
880194 15
86904 15
36429 1
19950 8
62394 10
61746 6
742669 4
451656 9
73463 8
816319 15
360092 9
633945 6
297896 4
443363 11
591188 6
600376 1
45724 16
557497 11
661100 8
603396 8
845557 2
624174 11
840164 15
954971 8
774930 11
142644 8
232103 1
603545 6
598689 15
346833 9
77109 14
711650 9
973479 12
382190 14
538767 6
625007 8
893930 16
850039 7
273782 2
725978 6
649987 6
836884 9
373682 7
719198 7
311070 7
510431 9
896610 7
713724 9
545088 13
817328 11
518905 2
380110 14
270328 15
324171 7
332477 8
368580 16
894408 11
916041 7
424570 14
980617 3
680252 16
916968 1
999805 4
253003 9
27955 7
454401 2
42428 16
870462 5
539400 11
10413 10
735424 13
775461 12
696443 4
171994 10
310280 3
999449 16
520552 13
136951 1
7767 3
351180 14
824058 9
826461 10
873655 6
429855 7
204332 5
2090 12
305833 7
986453 15
134048 13
688660 11
711396 13
590397 3
755891 10
645571 3
525937 16
967356 6
814321 7
145511 3
837483 6
357822 13
688727 2
436330 15
902035 2
545319 16
827636 3
492802 1
741441 1
578635 5
322632 15
170302 14
766609 4
846554 4
598278 12
694925 4
212484 7
838867 14
989456 15
32450 6
384526 6
528278 1
248630 13
346290 8
78369 6
277213 2
933066 7
422328 13
588601 2
118168 4
508587 9
61845 10
357434 5
985948 15
75907 9
778458 6
533131 1
597819 8
820401 16
75154 16
408376 8
243202 13
374601 16
17411 12
498999 6
342344 4
460321 4
577704 3
302308 14
656383 14
861761 11
626899 16
30802 16
484347 11
74884 5
204855 4
663607 3
361777 14
674277 5
24744 16
848717 9
564578 3
467452 15
861421 5
891404 15
743149 15
888752 13
710788 16
279864 16
565440 1
642741 7
303685 13
103188 7
643888 14
644904 7
975847 14
352260 5
467851 13
530490 7
83945 16
294331 4
973508 2
974181 13
108451 15
814626 15
207050 13
25583 1
310210 6
499293 9
723700 9
37964 3
969757 14
75855 6
754862 16
453158 2
813721 4
176853 10
777851 3
364249 14
678515 7
232865 14
661646 16
901643 7
145010 6
843810 13
265886 12
61625 12
224512 11
40007 9
384894 4
842859 5
413008 10
760427 9
958310 14
406161 10
582537 3
260079 11
235643 16
619177 15
417341 14
861494 1
317450 16
975459 13
757431 6
856150 14
99682 3
416836 2
558346 12
846673 11
777638 4
126317 4
465991 11
945345 14
388747 9
333148 5
279002 14
874640 11
857990 6
422239 8
22330 8
453526 14
769907 4
852500 14
509542 4
30199 1
678660 7
257756 12
985548 16
345813 12
480553 11
464288 15
697513 8
757494 8
496450 12
176158 13
118299 8
168026 10
936705 5
469598 1
822894 4
482088 14
138628 9
499816 5
800420 5
198179 6
898502 15
302840 9
380848 7
467364 16
168137 10
605827 9
977990 13
643033 12
784728 3
329502 3
941862 12
533472 1
158712 4
695427 13
210155 6
340334 16
886920 9
712974 6
212358 7
919344 8
294743 16
829033 10
827438 13
509643 9
384592 16
615472 16
904076 9
995826 5
440234 13
145374 10
55332 14
244409 2
995201 14
69414 5
383314 3
290421 15
580111 2
402399 10
123930 10
802861 14
476388 14
601626 16
574291 4
28499 14
367717 1
890255 1
623930 13
391238 15
703179 13
483997 11
891814 8
926266 13
679185 6
729658 11
931169 2
429954 5
862610 11
71250 2
730758 13
137151 9
501869 16
275176 1
242448 14
746209 9
93883 3
509110 9
961129 4
525825 2
971655 2
13256 2
217083 16
457732 3
64257 15
552345 8
506434 13
169643 14
70650 12
728586 2
492027 16
187906 12
181798 11
871367 7
640321 10
700178 6
843209 15
950657 12
385430 15
474592 7
953475 3
584343 9
489387 1
598258 1
185495 12
342043 4
445769 10
393580 12
631842 7
786161 6
826518 11
771856 7
781206 11
898221 4
995742 1
884041 8
5466 12
427790 15
815902 16
406008 11
803800 11
878493 14
171862 9
814519 1
578048 5
685305 6
666315 10
774935 6
988854 4
538622 9
804749 9
552634 9
142511 4
924379 12
984872 11
859610 3
348886 14
973314 11
911591 14
119893 10
559598 7
50363 9
976318 3
739769 2
531967 2
192063 10
688484 11
371490 15
753629 15
474063 2
911637 2
568967 9
286956 10
610733 16
833756 5
793880 15
405762 15
537078 2
237142 3
634693 12
922198 3
54177 15
559533 9
823999 4
675237 6
209167 4
348880 11
4474 14
705339 1
511207 6
53917 13
871617 6
890115 4
436048 16
856033 16
937840 9
40050 3
23703 8
989888 15
395436 1
430835 3
435875 7
579137 2
10820 4
814355 13
203451 14
782725 2
727135 8
716078 10
316589 7
182367 10
642945 9
138988 9
590137 6
340186 4
431724 13
828884 16
63695 1
199505 8
968995 3
566303 15
245728 1
853618 10
735913 3
511936 13
224705 13
604703 14
654332 8
701593 4
73954 2
119550 1
180780 16
431448 10
701240 10
268117 16
888734 16
912276 3
711218 6
67678 12
85195 10
597655 3
900917 16
351178 3
75000 15
482588 16
284329 6
21723 10
515690 3
370350 10
875 12
815971 6
529103 1
589259 15
888838 6
274737 10
633381 3
325939 1
714664 1
124089 7
107696 3
202378 14
693127 13
383143 13
939067 7
183119 4
745824 11
325266 9
518675 2
878870 1
392085 4
130520 3
937579 14
103096 15
103434 16
24198 13
753370 13
491380 9
897704 10
97916 7
665538 15
751401 9
686780 13
355510 13
564564 2
223487 16
203091 8
763693 5
993269 4
426234 10
757028 14
65291 6
574438 6
200867 4
389129 2
907580 5
27607 9
87834 7
36118 6
458595 10
436451 15
61417 9
638245 7
600437 2
366852 2
458807 6
449412 6
383916 6
180240 13
650014 4
543591 11
331509 9
638242 12
866886 3
251090 13
620768 10
893576 16
896881 12
539395 12
128714 7
745501 15
436491 7
268820 11
938502 8
133212 2
250165 7
925704 3
537892 6
112657 16
978525 8
799599 12
14021 7
471943 2
27578 10
591822 14
609665 13
45784 15
583605 8
642613 7
37984 16
28963 11
899233 2
685928 10
346729 12
447287 7
952969 12
190612 9
14399 3
630173 7
69699 7
120604 12
215412 5
674027 11
533847 15
420063 3
117288 4
286874 6
814780 4
189788 7
179998 12
993398 5
132134 5
104792 6
559564 16
504539 9
741634 15
240286 12
785327 7
34019 14
883246 10
184125 4
134384 6
906820 14
852012 1
477996 2
537901 15
127684 11
93099 12
602043 10
686985 5
557549 7
44611 13
156790 2
266271 2
448155 13
702051 13
276684 4
705551 12
861877 9
971146 9
720138 13
207379 15
797002 3
976303 16
770027 5
488087 2
644082 9
820444 9
130825 9
191706 2
339803 2
841838 8
986493 11
485800 10
784161 14
698942 5
915142 2
869289 15
413977 9
750190 7
629578 7
362108 9
550570 4
111289 14
184008 11
990634 6
737705 6
757581 14
975892 5
204654 10
492394 2
541731 10
478071 14
503400 14
852904 16
932897 7
820451 1
633127 4
34648 11
211785 2
312396 14
178646 7
394665 9
290870 8
675007 12
317747 13
129497 8
569086 4
118812 9
973898 16
523044 5
621203 1
591215 3
328859 9
899617 7
123312 16
231598 11
934522 9
121248 9
861809 11
125685 15
873901 10
784685 13
670356 13
766305 15
312747 13
603756 9
706141 3
318272 12
360011 14
320492 1
167433 6
822830 11
392874 9
818181 1
225849 15
196339 9
854843 11
608607 7
810351 8
369602 5
797576 14
985079 2
157304 4
734292 13
644116 4
336139 9
222482 14
196377 10
22770 15
618117 6
284673 1
621886 7
654768 10
253413 3
55875 12
4084 14
154963 2
98363 5
549469 15
951818 5
354738 12
831950 4
99955 6
318639 11
197661 2
727581 9
26208 7
399795 10
992919 3
808740 11
918298 2
321514 14
969949 13
274224 10
609697 12
740837 15
385754 10
862460 12
683207 5
253363 11
314241 5
920896 7
971941 6
145115 2
273317 14
454617 13
296909 14
33119 12
103516 4
709490 9
273424 15
854428 2
252252 9
576264 14
395056 8
753662 9
190044 12
133837 3
706767 2
555034 10
490073 9
709113 6
132506 8
906626 9
749425 9
507954 12
566947 10
143805 7
898155 5
149105 3
496346 1
539870 3
750201 11
747379 7
803052 7
368113 10
632305 8
453129 8
638222 7
110660 6
228144 5
603900 16
987996 15
332559 12
163613 2
482875 7
900319 9
982413 1
533495 6
830728 16
49044 2
312460 9
265796 2
211804 1
958281 6
159395 3
84968 8
944498 5
803513 10
375743 1
260779 8
672808 4
121148 16
489609 6
240895 2
741642 13
773671 16
75709 2
241609 7
589859 14
285203 8
216411 11
386720 16
650879 7
959134 13
832605 1
104770 2
25305 9
465360 9
65242 8
25191 9
747761 7
249463 8
155762 12
210028 7
267454 9
264586 6
657883 4
881304 12
542633 11
916897 15
401735 7
44307 9
499991 13
243371 9
560900 3
443898 12
572284 16
911854 2
788174 9
918070 10
498725 2
250521 15
710305 12
905725 1
256557 9
14525 15
281972 14
531486 12
21284 12
294579 16
672078 1
114376 2
883080 13
517355 3
180773 9
683655 4
323309 13
496844 12
311377 3
687903 2
55468 2
285348 9
383729 2
677993 3
619294 13
87436 12
983606 9
747381 15
860368 9
776334 9
96792 12
211980 11
655515 13
765476 15
324782 5
426033 4
400136 7
841504 2
30688 16
723191 7
411148 14
367334 6
588705 9
181211 6
808445 11
540808 8
972837 10
134538 14
889555 9
901349 8
787510 9
84428 16
744072 11
470248 6
977069 13
684418 16
853971 4
802221 11
631960 6
637708 11
486516 16
484695 6
341217 16
525498 9
640258 4
354787 8
128986 2
704560 12
188285 2
525592 16
561492 2
678543 10
251864 5
626978 6
78372 4
990254 7
828998 7
344495 12
118472 10
549963 9
787455 12
277822 3
805585 4
511688 16
738510 12
275910 9
920949 11
270337 15
497577 6
633102 15
190432 9
185115 1
661722 5
175327 14
235642 15
407401 16
309538 2
623232 5
869874 10
143212 16
557196 7
679472 8
522409 6
368897 9
605110 1
736111 4
588145 1
748302 14
872056 3
741428 13
632017 4
530040 4
528872 11
440313 16
941927 16
217378 15
305453 7
609796 5
526145 15
625621 6
395079 12
875574 16
399664 6
26451 9
263199 13
124134 12
588890 14
684669 2
745079 14
724344 16
981282 1
234969 14
969147 3
544703 16
133065 8
347969 4
436476 7
852491 6
112701 9
752746 2
114477 9
332556 6
272210 13
3065 13
179468 5
515398 6
28673 7
296582 2
458545 14
355547 12
37054 4
910720 12
10005 3
292367 6
189263 10
839055 3
527022 6
996784 15
259192 4
551215 15
240336 8
57940 7
530030 3
330671 12
42592 7
295150 11
44221 2
532561 10
77990 14
791098 9
890287 6
541910 2
760586 12
998296 5
334326 11
190349 2
320790 5
887043 8
356079 7
981974 5
332769 2
452715 5
317351 16
507343 16
32203 2
31874 8
765341 7
585071 11
790003 16
242173 2
714469 3
423951 4
418960 9
95030 10
96027 8
316422 3
87526 9
189324 8
683036 3
560767 13
551767 5
561819 5
804528 9
785772 5
633234 9
139872 5
210299 15
358775 5
420196 4
401033 12
595356 9
653540 9
566918 3
87952 6
812950 11
209394 13
891775 14
399156 10
476408 15
879394 16
805951 5
786421 16
900176 7
945644 5
819493 10
917181 5
164704 3
804075 12
753617 13
213725 16
705169 6
232024 4
521924 4
112102 6
167109 2
481762 5
703525 9
776025 7
801009 10
460611 3
3500 13
423475 16
449085 15
450684 7
836828 14
336365 5
255657 2
717740 9
60333 12
812492 2
526051 11
181748 14
719673 15
695852 11
938053 4
650313 10
217962 2
989312 2
10936 13
43704 12
962371 12
866519 15
995988 16
55525 10
721592 10
777361 8
600254 3
448357 14
744764 9
376124 5
256769 8
208153 10
452910 4
887379 9
942510 8
686806 11
355253 3
888953 4
908349 6
257533 15
613640 6
134837 8
709873 13
915547 8
433373 2
190122 10
184004 1
612040 14
856473 14
32216 4
18726 8
545949 8
935464 9
844960 12
872197 2
343952 12
625771 2
500916 12
306429 13
498821 6
570679 3
331972 11
29560 1
108533 14
455325 12
367795 10
211583 11
471065 16
267930 6
389704 1
413479 2
314562 10
876473 13
506479 4
241301 15
601742 5
708170 7
299877 4
996446 4
805547 9
209015 11
93353 4
625263 15
601660 8
972742 11
215522 11
388242 1
981718 2
748123 9
430739 14
449587 6
405011 8
785260 2
922059 1
365256 10
255236 8
137596 5
636635 2
969947 4
222102 7
829240 11
277384 6
245589 8
419627 14
656541 12
35693 10
458133 5
286571 13
290332 7
