2222
643969 12
8415 10
540458 3
319388 13
485706 15
158122 8
520541 2
410649 9
692425 16
107681 2
138800 3
641534 3
969205 2
416032 3
137509 7
530617 2
42228 4
245818 3
554824 8
507622 16
103998 7
490828 16
879701 2
338024 12
128789 6
238094 14
785342 4
482979 11
823095 2
744830 12
765664 14
325716 2
805913 13
662992 1
994721 1
476399 15
575211 6
596248 15
97631 9
22646 7
75337 10
868580 3
444605 3
758483 6
982095 3
383408 13
474631 1
262676 5
573698 3
618845 3
856016 4
757057 16
735195 7
280429 2
294829 2
537581 2
404153 14
686364 8
535300 9
675405 5
316579 8
863536 1
341523 16
102588 12
564953 1
111853 13
26858 10
398542 16
687789 5
727727 8
717113 15
979213 11
349510 14
483283 4
906075 11
93206 16
655773 3
93409 4
788365 12
613028 9
548025 14
244883 3
697299 13
468264 5
438218 8
410564 2
875953 13
244983 8
159939 12
123531 1
259295 16
12631 6
936718 16
904841 6
193066 4
572752 13
166767 2
482875 2
84272 12
669316 6
259321 10
351709 9
398780 9
104350 13
393330 1
875164 13
998699 10
583770 10
514427 2
356715 14
184981 10
245044 9
63103 14
118262 13
36636 12
660380 15
167940 11
864954 12
119147 6
862523 15
332683 4
330826 16
811358 9
456678 8
159216 5
187668 9
199362 8
83 11
506940 13
916654 12
838592 3
967933 7
935851 11
449099 1
952868 5
927424 15
571671 14
244403 5
942855 7
872665 4
612961 15
104211 3
844627 2
714639 1
883270 9
107219 4
613844 12
162469 9
638787 3
203819 1
530029 14
443194 8
316435 3
700341 8
908890 1
265968 15
499735 15
686095 12
400853 8
153817 5
259944 4
23723 16
884938 2
136830 2
184465 13
739165 4
853548 12
796480 16
693018 7
284184 6
954357 3
197125 12
340660 5
206539 12
217092 15
978171 15
120858 11
352040 5
24523 8
795357 5
950945 13
580920 7
658395 9
930796 11
433643 2
845516 16
161660 1
975244 1
339617 7
937821 7
512418 10
691411 15
693739 11
230182 2
613774 4
869530 14
851828 6
260574 5
478565 1
95328 7
933592 9
814938 4
211577 5
780509 10
998703 5
39404 6
872920 7
731043 4
783522 3
582060 4
878833 11
591488 14
149359 5
433786 2
133889 16
741880 4
934789 3
471998 2
623981 14
512751 4
981496 4
57799 3
112222 3
673941 5
754741 11
921925 6
227749 3
455452 7
250308 3
699960 11
953240 13
483178 11
773651 3
676791 7
136370 5
331010 4
666966 8
740534 4
508769 5
238494 6
480174 2
772207 14
346828 12
998013 7
445867 5
980890 14
57493 11
736105 15
20958 9
771805 13
806963 14
844759 4
987479 15
527149 15
21704 4
791016 3
921701 10
270294 1
135284 11
227019 10
101622 3
690996 12
100240 11
499209 3
892618 13
188699 6
748455 14
404434 6
350341 14
75753 15
407722 12
196264 9
776598 8
486567 14
557209 3
21006 2
822848 3
358109 6
273570 7
88207 9
433587 15
343049 5
561632 5
93397 15
976499 12
720448 2
65832 5
795097 6
356311 14
396414 4
761980 8
681796 11
734321 12
523941 6
819574 2
244828 13
812813 7
223521 10
818302 16
382232 2
96049 10
866642 8
234967 2
780794 7
969783 1
762521 14
69255 8
877152 13
12264 2
136041 10
549930 2
636439 4
545591 11
905787 5
470496 15
518140 5
354474 14
105353 15
540418 16
937355 2
479379 13
650931 5
356492 5
251784 9
86658 11
932507 3
829498 7
17592 4
735047 3
215047 2
256736 13
956771 12
112653 16
454129 6
682439 12
829896 3
34318 11
430175 8
210368 1
404544 13
195724 5
589419 4
10201 15
618729 13
336864 10
726291 8
358530 15
542340 4
614029 10
589277 13
467047 12
374795 5
131941 4
838406 8
790582 15
190314 16
728814 15
974612 5
113901 13
46775 8
891343 1
839250 2
882224 8
349575 6
631978 7
794926 14
673415 2
540267 2
549580 2
334799 2
912699 12
696259 8
280397 15
244423 9
867881 11
756187 6
67066 13
396552 10
934618 13
533350 9
98115 13
114495 10
351557 12
807626 10
26981 11
957577 16
599647 15
987484 7
675174 10
338838 16
512099 9
816538 9
845905 10
712169 3
466933 8
211186 13
947596 8
347354 16
694127 9
349878 2
642082 2
335304 7
898429 1
740855 10
442544 9
444915 11
908333 15
309458 12
220108 8
192895 16
541289 15
779578 6
513343 16
308607 2
580401 2
664182 5
381332 10
161893 4
132504 11
154273 16
349415 4
238418 15
248001 2
259590 16
111598 7
550219 13
919738 3
563612 1
175927 4
165563 13
67603 13
257040 9
542111 12
240852 14
401977 15
191390 3
98153 12
15339 16
265457 4
563525 12
798994 1
236573 12
271341 1
177853 5
926085 16
715540 4
321144 10
384078 8
848552 1
211149 7
6208 5
35560 15
221186 13
889505 13
878193 5
734984 12
66553 4
293676 4
412065 15
948571 9
519064 4
601175 5
614040 8
84487 10
441204 9
427238 12
891876 3
901618 14
192708 9
327176 15
235801 10
669168 3
999568 1
698838 8
11321 14
763179 10
624619 6
994490 11
442745 5
665543 10
884000 11
93426 12
393805 10
950528 12
387193 15
581728 11
999185 12
500823 3
516937 2
344454 3
919508 15
308431 13
246281 6
618709 5
804577 10
756017 2
55387 12
246322 4
219459 14
925710 13
641262 6
35580 6
239639 11
429270 9
616279 14
940824 15
239550 2
443020 16
766936 14
115369 7
187437 13
667139 1
388076 5
981385 3
607067 12
132577 8
934853 9
352392 1
74703 7
666948 1
144637 7
789921 7
153014 14
204537 14
86225 5
644291 12
842973 15
208939 4
907897 5
617215 11
11311 15
49009 10
516585 11
154420 16
653752 9
125477 13
33640 15
91297 5
938534 4
106423 3
8680 13
145 9
834018 16
681472 3
866891 10
53119 15
231533 1
203822 4
685063 4
5987 11
657605 1
12656 14
194926 3
411508 8
929030 5
963512 6
961534 9
231870 14
135902 2
948803 4
100940 1
201901 14
304304 13
35911 10
557746 10
241982 16
283829 9
875559 7
806608 6
112090 6
606095 2
784593 9
88734 4
323660 1
836721 7
883617 13
554895 7
859946 10
499076 6
399643 3
591192 9
207267 15
749660 5
464072 11
914574 9
855694 4
127110 15
307259 1
378626 12
856522 14
787757 11
287153 4
735318 1
986360 5
606416 5
262134 14
30772 3
349951 8
676520 14
325054 12
112754 12
208331 11
513578 2
434376 5
380529 13
547772 15
920900 12
262417 2
5150 11
87369 7
201042 3
885288 3
839767 5
579699 5
874840 10
409630 3
171793 7
290214 2
7110 8
409893 12
843090 15
189979 12
879532 16
382036 3
464778 9
31838 4
973101 7
398932 8
181105 8
310202 15
428658 7
261138 4
605362 2
808422 1
571713 5
442282 4
752925 10
942296 9
222322 7
697941 5
210178 16
186149 8
446162 3
158764 6
139113 14
547565 7
14037 13
970238 7
23581 8
630453 12
51121 8
105248 9
637674 7
773179 3
618124 4
481457 13
418278 13
354111 2
295606 8
386574 5
8550 10
666962 2
633088 5
455419 2
770097 13
223139 5
356249 8
676253 16
453956 16
347485 2
746141 5
402842 14
626151 15
851234 6
860909 12
651778 8
246846 1
795423 16
169798 15
744835 7
300538 15
31309 2
155366 4
310800 15
791043 15
6032 4
635633 2
991566 6
725306 12
413991 4
680365 3
163423 7
697118 1
767206 7
560041 15
725299 13
405626 11
528158 7
613996 13
934491 12
856205 5
322475 11
312930 4
962242 10
867917 3
846669 12
196304 11
11151 10
175476 10
937414 10
600412 11
750983 16
507369 15
245753 4
51461 1
555002 12
178538 12
163832 15
200301 9
274051 14
405276 15
833692 6
758291 8
46070 13
124219 11
329169 2
781707 13
228185 7
706791 3
524830 10
728246 4
406961 11
537135 8
807140 7
479679 9
566834 7
943789 14
915948 16
758892 5
913487 16
297346 4
785374 2
937144 14
619027 10
491988 7
301781 3
356175 5
989435 6
670414 10
404064 15
157956 3
34308 3
203315 4
12278 7
435966 14
234681 14
656656 13
276145 4
963384 12
832893 10
152792 2
79156 5
950599 7
189669 2
885734 14
614154 13
43191 13
253162 6
152934 3
529917 14
406074 8
217485 11
7320 6
759235 14
474818 4
496268 4
149371 8
337354 4
950189 2
640388 6
852167 12
128284 1
67680 14
308542 5
204325 9
824010 10
409192 13
977543 5
77510 15
9668 4
851481 7
725851 9
699460 13
621006 9
4868 5
414050 14
317218 11
552174 7
16903 7
428418 8
82339 13
216671 5
903298 7
22976 4
736995 10
309332 5
543514 8
282650 7
631382 1
319383 3
105588 15
79553 11
442059 5
247507 14
469206 13
207430 9
797239 3
484472 9
24839 2
446822 9
346246 5
631318 3
638616 3
298575 6
166965 12
44998 7
517350 16
865306 13
120788 1
426909 2
326589 3
104916 6
890338 9
939149 5
486302 13
860818 16
398090 5
875205 4
131282 16
680581 11
717090 8
561362 11
980405 3
22711 8
141865 4
176984 12
54084 2
854670 8
73665 10
608614 14
357163 10
579416 1
702858 15
725117 14
593100 5
170733 12
879570 5
799964 15
80421 15
623267 9
43639 10
850197 15
537371 5
458618 16
703958 8
735006 11
163326 16
327106 14
564491 4
355618 14
287005 11
243244 16
81310 14
925488 10
982034 11
75025 3
645204 10
825708 9
822495 5
12335 3
540324 3
328974 13
939123 5
492594 7
433430 9
659801 8
838056 10
435410 4
246249 4
92866 6
984357 11
783577 5
353385 4
239496 4
672894 7
305729 11
690411 10
339165 6
477406 2
282674 16
461687 6
212205 1
917625 12
970896 2
171940 9
534569 13
515966 1
274200 14
381583 10
947898 16
938118 4
933656 7
820114 8
310623 10
321271 15
74825 10
327865 3
18814 1
670425 11
921014 2
757134 13
858854 14
775618 12
314437 15
993291 7
525467 14
587626 8
108017 13
486139 10
838770 3
872020 16
551759 15
916645 8
640782 5
284914 8
235865 14
500855 4
251437 3
850445 8
848947 16
83377 11
318271 7
704931 3
624248 7
432776 2
852406 4
101820 3
782170 15
225812 14
946719 8
882751 12
427672 13
634722 9
854466 13
54137 5
934659 8
281589 2
190025 9
758666 7
230481 14
641133 4
251097 9
801595 8
800691 6
127591 1
323449 4
178636 4
566972 15
575321 1
935220 10
818970 3
154482 16
82476 16
776458 13
136122 1
894082 12
616340 14
127223 2
890325 12
974628 6
453954 11
591384 13
871008 12
843729 12
973767 9
908398 2
22319 16
652873 7
886933 6
283023 10
348895 4
505314 3
513886 9
620489 13
73039 1
533475 16
424444 4
882239 10
713878 7
982141 3
299085 6
528003 12
655178 15
285755 5
307860 8
90623 16
448986 2
212802 12
629959 3
701124 10
97783 16
43696 15
641565 5
536299 3
489354 3
413773 8
245410 6
320176 11
419937 8
335928 15
25079 2
958049 11
40006 10
949240 10
841516 10
281727 12
74817 9
629991 13
335032 16
19193 4
47299 10
874367 13
173488 10
439437 1
601407 7
547211 1
923605 3
406412 8
399917 2
491218 13
971253 10
660708 15
738221 10
879411 7
542406 4
503427 4
610235 1
479148 8
211716 2
2606 1
438291 9
242403 7
72376 14
835260 14
205847 5
814839 11
377985 9
151443 15
205953 16
194084 12
217979 4
97097 5
559441 6
111325 11
168622 6
143339 15
290 11
876553 11
301365 9
369507 6
615530 13
118873 14
491481 15
252606 16
684804 13
650505 1
1185 11
872001 8
949851 12
637785 8
489481 9
205657 2
488943 4
457095 5
429711 9
193335 6
122596 5
25018 6
911114 6
415587 9
141021 9
619555 12
395788 8
519609 4
879424 9
310760 3
344666 4
346083 1
997230 13
842555 4
983287 11
443871 16
720494 12
568823 5
904994 1
944599 9
109969 10
158793 8
185083 9
974731 3
831197 16
734661 5
949214 9
463235 14
809946 8
957164 5
599080 4
109716 11
194844 7
450803 15
874929 10
524623 14
359791 12
989193 4
281472 9
14445 4
503313 6
892990 7
912084 4
375116 15
828280 14
300467 1
620062 8
201376 10
254468 3
343981 11
675338 16
302215 3
676666 6
223958 5
130706 11
656163 2
655267 12
846907 1
391487 16
617009 5
798167 15
483139 7
840584 5
617575 2
755988 14
284131 13
621950 14
829672 7
522830 13
766264 16
211174 15
553752 7
748910 14
416202 7
491077 9
692846 11
949683 4
635737 3
814399 5
154946 4
992400 1
780635 4
909757 9
791403 6
969221 4
110697 7
208521 5
493243 2
567945 14
328812 1
733793 7
249832 14
294104 6
242599 12
997275 15
185772 7
743954 9
594099 4
847222 10
944788 6
697608 8
58886 3
692862 4
51157 7
828536 14
659598 11
298791 14
391266 16
738603 9
738677 10
816297 1
244458 1
636525 6
156128 15
716023 11
735630 4
380629 7
697068 2
398101 5
201455 7
748821 10
28485 11
330306 12
122577 8
36814 11
447812 13
357115 9
328933 1
463058 6
887568 2
398879 1
638205 2
799869 13
789827 11
751557 1
304129 8
364629 1
891104 15
943948 5
675573 10
783002 10
636192 12
664389 12
322340 3
973774 7
700987 6
70785 14
628633 8
686876 6
50576 11
40631 14
955438 5
539454 1
594643 5
830870 11
977143 10
77879 15
659019 11
446378 16
993034 7
545299 7
998682 10
845523 1
297453 16
501314 15
532416 13
631474 14
793151 11
807403 13
726910 1
122978 5
775117 16
860460 10
977748 15
973086 4
275780 13
952937 10
683339 14
232324 14
34220 12
59535 8
678181 3
131115 5
239666 11
564212 16
169898 16
234097 8
568060 6
462357 16
29997 1
219151 9
250467 11
854359 1
682634 1
815348 1
30647 3
236257 8
992943 6
609601 3
801696 10
149371 12
699804 10
604695 2
999384 9
738919 5
849464 13
531427 16
409148 6
508747 10
888220 3
221607 6
539036 6
725986 16
597337 9
165999 10
289540 2
463803 7
676654 9
10009 10
627235 8
836133 4
69184 3
673612 12
938150 6
504729 16
205777 10
579772 11
796826 5
825084 15
608467 15
393822 6
333784 14
611967 4
736290 11
391768 4
296307 9
974078 12
906689 9
145044 6
62193 11
167948 5
496987 10
128603 5
858129 4
464305 10
978644 13
741633 7
848660 6
410806 16
546408 2
887373 11
699882 12
962927 10
756925 14
960043 4
371744 9
154786 10
975103 10
483805 8
517237 7
2146 14
812671 13
718014 16
894718 9
362863 1
919899 14
890089 16
895563 8
693914 8
412423 12
724470 16
327402 15
249246 4
826509 9
90600 12
67451 16
485816 3
324039 16
809537 11
963720 11
868600 10
154032 3
614816 8
307697 6
861249 10
522206 8
809150 7
436737 11
303390 15
523131 11
940948 2
979241 6
82852 8
492255 11
644219 15
784554 11
328643 6
194193 9
448131 15
851652 10
268096 8
747251 4
738313 11
342247 5
655252 9
320068 3
433102 3
365651 3
646614 3
494704 4
772995 16
742820 2
661175 5
433194 9
4267 3
162705 8
350185 6
374346 1
916655 12
128886 13
335171 14
165884 15
636514 6
167979 15
398906 10
403763 15
152264 2
355602 16
158757 2
368073 11
594540 9
910675 3
132719 6
647688 13
59980 13
72847 10
4252 1
819804 9
539224 15
138760 6
614410 12
374557 16
679973 13
626733 2
601778 13
8090 10
87258 5
16315 4
324753 10
220749 9
212565 11
620881 1
856059 8
568257 12
172188 13
851341 14
223891 16
320729 3
97304 11
449449 4
944833 16
372646 5
760475 10
632824 10
296130 10
671760 13
955008 9
457267 12
477275 13
641588 9
394011 3
675285 6
283399 14
224929 8
66395 16
533755 11
599637 3
203200 5
862970 4
803223 2
561401 11
625046 1
890320 9
900104 14
98126 11
928593 2
806595 6
996486 5
180703 1
950625 12
904393 1
838746 7
538525 8
950151 12
221807 11
785148 16
415881 16
48322 14
374336 14
730138 3
236592 8
45957 9
189579 5
411517 10
728140 11
360132 12
928887 12
11842 12
775298 13
338315 8
937973 12
701787 5
192605 8
734254 8
942928 3
205003 3
173772 14
380047 9
955983 4
423037 2
515735 8
565167 14
520576 11
992448 13
50475 10
509484 9
664856 1
974472 6
67073 2
466709 5
641490 11
571892 8
912449 9
613114 11
316897 2
21635 2
282635 9
250334 1
350718 5
148848 15
183957 9
769979 11
874355 14
853583 6
683027 2
514902 4
331216 16
437185 7
690000 16
722965 6
882865 11
195251 7
818109 13
21496 10
472963 2
231445 11
901509 11
89187 10
183316 15
599835 11
431988 5
937955 9
59827 9
693418 16
757539 12
548357 12
541117 3
525965 3
868063 9
538708 11
537500 6
486041 11
891228 1
338459 12
464686 13
503839 10
560257 15
179077 3
856392 1
718802 11
417375 13
95276 2
888619 1
710485 8
935560 6
639106 5
857608 15
756830 11
84316 7
155148 9
117548 10
515054 10
607602 1
307784 10
602682 14
745972 7
433182 9
435561 7
975741 10
514447 5
253360 7
931919 1
377025 3
173381 3
402141 7
680978 13
470158 1
958538 15
77943 1
919466 4
128290 5
111875 7
129750 7
574618 4
195371 8
193473 14
548471 4
381254 13
281058 3
515039 2
526234 6
188932 9
525858 12
464921 16
758388 11
828307 16
452900 8
176028 3
804372 2
614372 3
308781 9
24312 12
916881 5
121288 8
524665 6
523293 5
440021 16
83992 10
629200 12
62274 12
979035 11
319190 16
895297 3
128031 3
736572 16
236208 11
721102 14
526496 2
533049 1
424226 15
488790 2
537587 6
15772 11
474034 6
509039 15
212466 8
24905 13
581102 6
445861 9
194590 16
440194 16
238654 6
806426 8
360915 3
682950 15
265008 11
345086 7
673090 5
245610 2
531415 12
17785 10
672473 16
747264 5
468378 2
34792 16
334295 4
269129 14
814377 8
940824 13
757013 4
302531 12
455758 16
822408 16
731754 9
929668 12
863152 1
610197 6
615355 4
817437 5
337015 15
967805 11
566072 14
413378 6
601353 7
734959 9
113056 6
710466 7
550713 7
901501 16
944276 15
912445 12
859142 4
605901 7
669604 9
541522 6
339760 15
898846 16
415979 12
644262 1
586282 5
44818 8
486400 5
747137 8
346096 14
876637 16
721535 14
177497 12
43204 13
845508 16
394513 13
132476 8
321355 11
886608 4
280994 13
995020 9
848820 14
907085 15
459257 2
962870 15
638169 15
267750 2
615223 3
432591 7
992303 15
457744 15
6959 12
625794 10
633898 8
208417 10
131243 2
565519 10
403742 3
166887 5
18784 2
627395 16
578269 10
931408 16
523571 3
470714 13
746667 5
430670 1
635079 1
197058 13
293702 13
250673 9
435791 11
363039 10
986396 5
981271 12
615696 4
148273 6
375727 10
988104 1
658178 3
196798 11
733249 2
696828 1
72309 15
668157 11
211583 5
838870 12
53696 15
182216 4
426884 8
607084 12
929226 5
475756 11
780573 8
536493 14
426442 12
522521 14
718929 12
910551 6
505096 4
430998 3
111920 7
636984 16
104904 15
104623 8
597168 5
313708 1
458683 11
460791 12
726816 11
915836 10
42634 10
882072 12
549016 13
959577 9
498258 6
971424 12
593982 2
325407 10
640676 13
540901 14
525377 14
633771 8
344767 2
942836 1
807992 4
19496 11
396261 1
805395 13
695478 7
173227 14
446761 3
425686 2
270284 6
618004 15
273146 3
449465 7
961397 8
877409 14
175689 5
638997 3
413516 15
107052 13
32847 10
967064 5
741084 10
980349 5
753493 9
354574 12
452704 10
178874 16
432469 3
442456 8
58961 16
687556 9
951394 9
433480 8
73066 4
919148 4
24458 11
911849 6
418130 3
241352 4
166219 6
48217 16
58247 5
771714 9
165592 9
684717 8
441587 2
383655 8
771326 14
513061 9
350337 6
926998 15
968490 15
903848 9
306103 3
153046 2
611278 5
149193 11
53559 9
497961 10
762270 3
957267 14
620648 10
651615 15
308522 12
969050 11
744494 4
137199 1
993415 12
669895 12
241722 11
808732 13
335154 12
284243 11
321444 11
726100 11
971462 1
44060 11
935957 4
482592 15
355211 1
967995 4
748562 11
33235 5
76711 8
470664 5
482762 14
270931 16
965797 11
494100 9
114927 14
858428 14
149440 7
990313 1
67612 3
500314 5
804978 3
143075 12
880615 4
575989 7
953765 13
61596 16
206960 11
428674 7
930845 4
23131 9
261165 4
97225 7
36028 7
620701 11
963108 3
189201 5
72232 9
842576 10
808207 7
252504 10
201053 3
80893 4
268781 13
961597 2
759179 7
359667 11
551150 16
96440 4
299412 6
908659 16
592872 14
289910 1
792008 14
677973 11
554382 8
64849 6
858269 9
87242 12
696988 11
292566 16
744453 6
964671 12
381619 9
692575 6
649554 12
772760 15
703576 3
435007 5
249346 10
443254 1
763619 15
506617 16
879777 13
30276 13
993796 14
229263 3
156760 14
87510 7
437186 12
385818 16
509837 16
690272 11
345137 14
815345 13
724276 1
423262 1
658387 1
48257 4
19562 6
104833 2
26226 9
564335 8
629964 15
491292 5
317415 11
101752 2
357354 4
610374 5
218654 2
237973 14
185948 6
454556 14
244252 1
514636 6
366402 11
241942 16
343168 3
638588 8
589642 7
600751 9
153588 15
718496 7
33990 9
751488 3
164513 13
225351 11
878953 1
641043 4
558682 7
78638 5
204933 15
373926 7
496380 7
669081 6
610757 8
714253 9
246028 4
630796 12
147045 1
90285 2
733743 3
772253 15
992754 11
620784 15
831840 8
560888 12
734506 2
270857 15
904679 15
892446 7
295203 8
714027 10
507631 6
171545 15
29891 6
352237 2
758120 15
586493 12
702049 10
837428 11
335240 4
863089 14
409005 9
635727 2
715786 1
827194 12
11591 15
216488 4
333363 12
554184 2
839580 10
618946 6
282908 13
121668 7
237559 2
994616 16
183968 10
980739 3
866677 15
409933 3
2816 9
616955 15
194436 12
303333 14
263830 10
3536 10
133602 11
443879 16
524269 7
253856 1
122382 3
118651 12
776205 11
422372 13
717333 1
426861 3
252788 9
220510 9
331453 16
66465 8
129900 12
169984 15
817901 11
847210 9
100814 8
555410 7
272131 1
788514 14
663284 3
916474 3
929940 10
31931 3
209276 14
991735 12
538397 8
184574 16
978192 16
887608 7
724441 12
909720 5
339153 12
49419 16
991040 14
87996 4
508216 1
242575 10
721613 6
925448 8
127733 2
101006 11
415814 9
370860 14
688517 8
151256 1
604706 7
427926 1
86880 14
119874 14
991648 5
765966 14
841827 7
292642 10
675140 14
249761 9
586052 11
738258 9
213260 8
806132 1
846681 10
774135 6
250414 15
958341 12
657227 8
394840 9
182996 3
872069 6
319825 7
293839 2
743098 8
931130 7
472087 5
78432 8
477891 9
91947 16
790731 16
144206 15
687964 12
303010 3
271140 5
464339 11
799046 5
526067 3
258888 14
476961 10
503800 14
280126 14
263977 5
14856 10
936144 16
31056 14
104077 12
730208 2
11503 11
996836 16
860677 10
469435 8
92890 3
57425 8
877126 11
508537 8
57927 16
919589 16
967571 13
538078 8
654509 6
929126 16
700601 4
494248 12
897954 4
99514 4
181865 14
597391 10
227250 10
954907 11
424936 2
590716 14
99477 13
548387 15
344606 8
924880 9
98845 5
478950 13
207594 9
831256 5
755482 16
979686 15
822841 12
494026 6
730973 7
853814 7
57177 6
33182 7
590265 7
786218 7
358019 12
524494 7
282684 8
610149 12
412343 1
588814 4
207044 3
251083 9
95524 7
385065 12
50129 5
71457 12
48029 6
808467 3
570627 10
998296 5
195286 4
568125 6
822583 2
616297 2
333364 7
711506 14
402925 13
436333 2
528117 12
239181 9
53683 16
761647 16
746766 9
909808 8
127622 7
889757 5
316228 10
753097 6
753494 12
625876 1
7080 14
976844 16
707126 4
