1226
825480 15
828459 6
671751 3
488684 8
415419 12
125271 8
521576 9
637913 16
616704 13
211465 10
14253 8
471300 2
92622 7
818173 6
733465 9
715984 16
675600 15
179878 14
768934 6
283808 2
287861 5
960677 9
912326 8
424777 11
608461 8
782903 1
836293 9
89751 16
702360 2
183990 14
32812 8
214118 3
884048 12
873615 5
292196 15
647726 4
94497 4
953133 9
151996 2
933035 4
33720 12
294735 6
761891 2
123091 12
293428 14
428161 9
761804 8
258093 6
443285 15
11944 14
591390 1
837806 14
544178 2
276433 15
584282 10
973096 14
510937 5
802749 3
532978 1
501263 5
542609 15
140243 7
456359 11
299237 2
732665 9
99310 14
199055 16
878610 13
980598 8
280259 11
492686 9
992892 8
910740 15
708362 1
318215 11
134695 5
668088 6
867050 12
394056 15
972563 7
412605 13
621981 5
22970 16
808157 3
938441 4
318332 15
699693 8
613057 1
26784 2
324178 7
733887 2
420581 14
764385 3
902946 15
13711 15
620417 2
591006 2
109275 9
973414 15
526787 2
154059 8
95576 12
727149 14
111619 7
915408 4
865128 12
285321 13
684765 15
540574 12
231828 5
285861 5
715327 13
450766 15
736943 10
729300 5
439670 8
820714 1
804129 15
400957 4
955547 13
76544 7
217284 3
812200 6
940061 5
103055 11
403526 1
13111 13
187028 13
249614 6
767781 3
587680 3
271227 11
991431 7
317449 4
259707 15
894112 5
267315 12
5776 5
471726 4
499753 2
521423 13
61060 11
538428 5
485445 5
174437 1
326356 7
415761 5
980161 13
616194 14
313417 15
207348 2
269046 8
603651 6
555032 12
750665 2
327552 6
680095 1
456203 16
382722 5
66409 8
501720 7
107518 11
802430 2
653512 16
360896 11
930742 15
481173 10
818230 4
378612 3
783873 14
339147 8
250605 3
748497 1
74950 13
42053 8
385507 14
920912 12
592937 1
196830 7
947239 1
935077 8
72215 3
107271 6
819764 16
557513 10
438291 2
764275 16
178723 7
824601 9
221570 6
797137 12
450978 15
829572 5
12049 15
573697 16
234893 3
214038 3
69267 3
937393 8
280089 11
833282 2
266985 16
353027 7
601419 11
68871 4
435772 7
556164 12
851254 8
162494 6
359689 2
800322 4
570427 6
456208 5
673023 8
485660 4
181031 1
563225 13
627767 7
811194 3
772327 13
445215 15
643085 1
734810 5
753932 5
791481 16
746689 8
741452 7
193010 5
798733 14
173092 1
679421 8
921673 16
917452 16
199112 16
402916 16
475550 15
950235 5
210125 3
889146 11
422225 1
547113 13
585643 16
887713 5
15174 12
391505 13
787107 16
198456 8
409088 9
276784 10
779270 15
288538 3
141129 5
579076 2
851625 1
506066 7
604898 7
45796 9
753008 3
127497 1
838905 13
158163 1
118182 12
540364 8
593597 3
261021 12
595683 11
241256 9
788937 2
313267 9
369191 7
277713 14
898744 3
100798 9
768005 15
38675 12
363045 14
14100 11
854785 8
452222 2
437874 9
733220 6
462528 2
300887 10
130974 15
952455 13
463620 4
702730 8
785814 16
61160 6
844892 4
101751 4
671299 14
528076 2
650126 14
390361 14
727813 3
991041 3
989674 5
542752 6
105103 9
764771 4
375623 4
229820 15
932056 1
75996 14
245450 3
329253 12
518899 9
269302 1
318926 9
350477 10
584548 3
428282 7
136073 9
328860 9
630548 1
496006 16
860383 8
840803 11
315869 16
308987 16
2601 8
420723 14
406471 9
391881 8
759284 6
927319 5
144285 15
820733 14
423268 11
577341 3
531921 11
253573 12
373248 9
153480 14
651594 10
475201 4
471260 6
61096 2
128619 16
103389 3
201591 4
424643 10
833826 14
615635 15
785685 6
332953 8
588045 14
223045 16
74314 4
919049 14
531709 7
637349 14
128856 12
193278 1
185092 8
997879 11
405830 6
263870 7
388917 2
538006 13
913926 4
792624 16
120043 2
689944 7
983620 13
306071 7
883272 1
408347 1
649524 4
472825 4
281228 5
905475 7
864976 15
445902 8
337833 10
530023 15
526933 5
161670 11
624547 1
361921 1
511559 8
161375 11
665170 8
778412 9
887936 7
532501 7
495599 10
901462 6
805310 16
687184 16
124505 5
868479 16
251873 1
989245 9
38948 13
847024 15
680141 13
768664 12
2024 6
711322 8
728942 5
871962 11
112769 16
476286 4
983068 11
491268 5
316084 13
332745 5
202911 3
572278 12
130040 16
531913 4
149288 1
59796 9
937848 5
865808 12
307831 3
665708 11
665388 15
125537 11
163805 8
562135 1
1509 4
959368 1
201549 16
624768 13
326184 7
878476 5
49153 3
19110 11
795890 13
46929 15
670727 1
861991 15
790758 13
439203 1
5932 12
982610 6
308820 15
490947 10
381336 3
289793 15
775630 7
515411 15
680252 5
731734 13
71925 15
683136 11
413931 12
128732 12
851251 5
606750 3
303910 1
583587 2
266471 1
66212 6
674404 16
72587 10
359030 15
820549 11
52434 10
909712 9
515760 14
46533 2
820370 7
71493 10
240879 6
283754 2
394844 14
98511 7
673585 13
558561 5
810302 13
339214 5
788874 15
2529 7
963682 12
559742 13
621746 9
805606 13
975646 12
815069 2
793948 2
329601 11
47238 11
374984 8
768485 15
293196 6
673057 15
739945 8
308825 10
246694 15
993670 3
378400 4
47918 6
128821 3
226288 3
117809 11
538759 8
998497 9
96772 15
890638 2
893940 4
327597 3
929451 16
266615 16
219981 1
364174 2
513557 14
86304 7
350421 6
701462 16
539314 13
836075 13
729716 3
670328 14
853047 8
35678 11
584234 7
568573 8
195284 12
536584 8
521391 14
29123 12
312079 14
982325 14
980603 3
723089 5
714127 5
869040 1
423710 13
854856 8
310313 6
701933 12
135597 2
245598 5
149120 9
708326 13
337826 8
211555 1
476589 14
390089 9
752796 2
269983 15
58859 7
353278 3
684711 16
338818 13
253760 13
320029 4
725869 3
934922 4
993965 1
443998 11
293337 1
402694 10
21870 16
328286 1
714350 13
573002 3
442934 14
151482 6
726856 16
608520 14
436623 5
705571 12
513935 7
9362 6
133957 15
969320 3
22553 11
508678 2
376749 11
588174 15
766861 14
959732 7
915265 13
599146 5
597743 10
201992 6
52021 6
443494 11
927837 4
196052 3
839771 5
701828 16
739974 14
546811 2
416753 11
272347 16
210052 16
315072 14
58793 1
833393 11
633854 1
712540 6
121066 14
385533 14
850097 15
267142 16
585676 11
677949 3
595607 11
777595 8
895475 10
53335 12
185715 2
113693 10
494321 15
626683 4
394001 7
532183 8
13173 5
918573 7
390682 5
421469 11
611829 3
529191 6
720553 7
878365 8
662693 11
260159 3
302575 6
858277 14
234421 14
562228 1
651007 16
615380 8
630013 5
397899 3
894344 16
249327 3
778158 11
115381 6
483718 7
674022 10
721750 4
520482 8
167345 13
533491 14
877890 4
782898 2
94394 1
269052 13
598124 6
116782 9
872972 3
618762 13
681211 6
388858 14
10986 3
115099 4
572510 3
837200 5
884565 10
483320 9
514308 3
172514 13
964674 9
637006 16
412843 7
771009 16
855325 11
173746 2
414578 8
296467 5
434666 1
517760 15
3348 2
623420 9
581089 4
281402 5
325339 10
860128 1
138010 12
541938 16
206030 9
394106 6
856314 11
35293 5
838436 11
193677 16
130733 7
747006 16
998879 13
720815 2
818657 5
890960 11
510423 8
14578 4
511440 7
274166 1
425796 13
353378 8
583739 4
421145 13
808390 6
788782 14
595836 3
503823 5
609172 6
419512 2
264950 6
429237 14
804356 2
882678 13
977262 10
226102 5
545572 8
782251 5
609785 8
583156 14
70138 10
467421 3
150295 13
962132 13
835841 12
388514 12
555759 16
481501 15
10876 6
787264 13
835176 14
646346 14
37915 9
676915 16
16954 16
705938 9
266745 16
373497 15
554906 3
986080 11
874290 1
601151 10
275638 9
584213 6
630105 2
754198 8
506109 9
241601 3
338693 3
382413 14
747823 16
960094 9
591757 12
82200 8
608796 15
663356 2
724516 8
23986 3
639809 14
696055 12
761748 15
741247 6
240852 13
834281 2
3068 13
482917 12
37007 11
741038 6
225457 4
944431 12
518085 13
364035 13
473338 2
357257 3
695784 15
711218 5
17240 15
895723 4
833337 3
552013 9
632171 5
679932 2
766536 1
898244 2
897997 1
240112 12
159735 12
26198 15
823573 16
431143 2
323683 16
203523 11
87614 8
550750 9
440852 6
657347 14
113947 6
908043 14
400531 8
332340 13
21045 2
457974 4
451621 1
450196 7
838626 3
166622 9
353504 5
350726 9
184081 4
281702 15
324265 14
254812 8
982562 7
592730 6
224617 9
36253 16
632002 8
924661 2
93714 10
100547 16
311304 10
437256 13
752126 9
239044 4
773842 1
44938 11
366273 13
479551 1
511743 13
804609 11
255500 7
154512 11
529709 4
273467 3
240572 10
573146 7
57825 5
251187 2
226819 9
119799 3
960744 6
984024 1
574571 14
827831 1
331378 1
732415 4
947798 1
351538 7
138629 15
425617 2
484300 6
392216 8
560861 8
225358 15
313858 1
714482 3
201705 12
542506 16
881104 7
355266 5
700689 3
602264 2
726904 12
895840 8
475368 11
505006 10
770991 15
893783 14
436842 9
892066 15
922532 1
244237 4
24460 9
540802 6
737442 15
42596 6
869545 4
752663 8
894214 15
995585 11
750938 9
498213 2
363965 10
184772 15
438569 14
221972 4
728000 16
949733 6
435471 13
856111 4
217664 4
370385 9
823173 16
213277 6
182254 4
950384 9
323644 11
285420 11
131978 2
646334 16
271763 4
177726 2
720461 15
659710 6
223616 12
48804 13
500760 13
586589 6
998082 1
324948 5
331812 10
929047 13
484797 11
927472 14
465836 3
131244 11
511329 9
161758 15
447963 8
382527 11
489979 5
125542 7
689295 3
803885 8
201336 11
127381 10
679787 1
416365 16
207549 6
510488 8
17219 1
693240 9
550169 11
550087 10
479499 9
838624 15
304855 7
386991 5
306731 13
154554 14
282302 1
387625 15
535433 16
92382 14
3349 2
308111 1
543484 12
311670 15
155024 5
981647 5
387336 4
56155 13
865575 5
200421 10
483877 10
280971 7
232721 15
226233 16
442706 16
178917 15
186044 2
64933 6
430237 1
607781 8
533208 10
755409 11
199840 5
412608 15
109490 11
77850 6
335533 9
187091 3
420712 16
178393 15
186995 8
141948 7
779933 5
913388 10
716644 1
971414 6
779767 8
470656 7
27593 4
939247 10
359011 14
123737 4
679543 3
454880 10
567219 10
953664 6
725678 16
962303 6
496211 3
122465 14
128236 1
361979 3
533087 7
492865 13
88277 4
744574 3
334263 4
748059 4
696042 15
517723 9
434195 5
669016 13
601869 5
401224 11
46846 5
84359 12
915229 3
165850 1
767497 6
371392 1
978237 1
603 4
770521 11
561468 3
678119 10
784048 2
442251 12
296548 1
783773 6
652287 5
454842 13
623032 8
950554 10
731056 5
632233 11
133596 14
862796 2
16205 9
140070 6
255459 12
754967 6
622195 8
670077 15
76240 12
284732 14
531595 10
5271 5
313079 6
885200 6
72739 3
920845 4
794865 2
184030 13
954747 16
638968 11
241937 11
539584 2
17658 2
686630 10
493755 6
39846 4
661743 6
298265 12
76821 7
632601 7
776850 16
131065 8
850914 5
166038 13
134010 4
739180 10
145196 14
915369 16
734042 8
549622 1
621600 8
528172 1
55550 15
324456 2
82555 3
820832 8
235270 7
323205 14
113067 16
914272 1
794459 9
792646 14
402329 8
353452 1
108814 8
331340 8
290941 6
170284 5
857475 4
991839 8
494423 8
83431 11
286414 8
890617 7
648282 3
511911 9
437572 15
378408 12
289444 12
958904 10
792718 1
43929 7
838981 16
306878 11
1642 14
255889 14
916455 5
852825 5
317088 9
420637 16
610418 1
376724 16
714680 1
433073 7
331205 1
473472 16
678024 9
753811 16
593536 12
277518 5
536587 7
886352 7
391097 13
93666 6
92412 14
82790 11
935337 1
838961 4
118067 7
181429 8
233730 4
644592 16
371056 15
499237 10
125141 14
629399 7
737110 12
148998 14
55130 12
315507 13
949845 2
189398 2
782682 12
856428 4
454221 7
616943 4
44473 4
714666 3
588683 9
854784 10
81417 6
289641 9
193729 4
99717 4
425345 7
452196 13
636393 5
886131 2
881821 7
842026 1
577433 5
559055 9
53550 2
17020 15
389058 1
459068 3
78180 10
667443 8
937259 5
537500 3
788410 5
320557 15
174302 7
208572 6
894879 15
201542 9
541266 9
871762 9
143833 3
797114 14
520589 2
28519 1
157795 6
390906 7
609912 15
186477 4
528181 13
982326 4
151739 4
217096 9
950222 11
492171 2
377936 10
735555 1
520360 8
188759 7
687279 13
58830 3
265304 1
295547 6
514157 16
374281 5
29443 14
114263 11
896803 8
917343 16
670495 11
132342 6
861179 11
911418 9
440303 3
139796 12
666080 1
172289 12
458912 10
764217 8
152788 7
361398 5
798209 14
201607 3
823767 1
658159 12
251052 9
640027 13
880377 3
382269 1
146559 7
313908 5
211865 16
239193 3
12228 10
602005 1
989774 13
312470 8
