1163
318146 14
730882 11
458130 2
738273 12
594090 10
511085 15
786301 6
266827 15
91466 5
319356 7
13413 12
720170 13
295440 7
434882 8
883981 9
53777 14
956660 16
253565 3
554818 15
135414 5
301853 4
686906 3
479893 3
823401 12
306680 15
972837 7
489398 13
855035 4
132106 11
274461 15
410118 6
530686 4
868871 1
496656 4
207541 10
823607 8
484629 12
149374 6
286647 5
20800 11
215597 12
969210 15
742166 15
784691 9
811996 7
15872 10
264071 4
149308 5
680329 11
275049 1
969757 14
229654 1
203304 4
806458 13
134195 8
842893 16
170839 1
402348 8
395780 5
734124 5
804293 12
40233 16
1959 5
338421 5
749265 2
563655 4
955950 8
170686 2
513617 15
862040 9
935272 12
942896 10
443166 15
203426 1
785587 15
515554 11
635988 10
748378 12
932218 3
151429 3
648581 13
425857 13
184250 3
324949 8
743567 15
537267 16
554702 12
735132 10
929961 8
231258 1
591245 6
934880 4
553703 4
591391 9
847507 14
890802 10
345278 4
791606 14
762152 4
261871 16
625149 3
619298 1
180364 6
29047 12
29707 2
606510 16
454942 12
983342 14
176787 15
393058 14
749953 8
452522 11
349712 14
918249 8
609026 4
307721 16
147697 15
739399 9
704213 9
578982 6
668176 15
258948 13
545863 10
703407 7
758216 6
886748 5
1546 7
6847 14
359717 15
772280 14
424143 1
246609 4
188039 4
842581 13
829305 6
212010 5
419600 13
360610 12
77577 8
641289 8
928414 13
933196 4
829467 14
5926 6
989409 13
755826 7
955320 14
308608 12
673183 12
133112 12
352573 1
516285 16
866241 14
858148 11
241514 3
727000 3
779639 6
115284 13
707044 8
493551 6
11493 10
74344 5
153821 4
107961 15
374086 10
576155 11
442825 5
49919 11
699710 8
760395 3
930105 12
61263 8
232614 15
639512 11
183853 13
73391 5
945906 2
302843 13
289147 15
335268 5
165787 7
15238 15
637476 13
944618 5
191319 5
267298 8
367224 3
442310 2
526157 1
253677 15
208366 6
504369 14
534829 14
255732 1
294825 2
342629 12
126835 16
974765 11
187900 7
151816 13
759292 16
94087 11
737543 11
112019 2
247228 2
630272 5
424657 1
731098 11
533513 14
661357 8
935952 8
123816 16
764414 12
60891 9
914107 11
391134 13
480000 14
309593 5
195374 14
607785 1
438975 12
485338 4
343099 3
843034 16
504206 4
546802 7
132183 5
805679 1
489055 15
361053 7
160458 1
315513 11
55267 16
142453 2
680139 3
808818 14
197278 3
240909 2
890073 1
195560 14
611633 7
194248 12
357894 16
713362 2
323302 8
154794 1
506656 5
962599 15
718086 9
442033 1
420541 13
807317 11
685893 13
665505 11
726340 14
484484 8
13179 10
806957 15
865349 7
614540 1
185173 16
577569 8
724202 10
945493 12
662853 8
385582 1
133957 8
806517 3
449974 15
281430 15
939793 13
122364 13
447136 11
941016 15
198559 7
241638 12
468854 9
468848 6
535376 4
745330 8
343546 1
932300 15
937064 5
629461 13
309751 6
719805 7
16235 12
624986 4
223220 15
418000 3
379272 16
749058 9
667585 7
882203 9
885691 16
266453 6
992693 13
28202 1
386442 5
957003 1
240877 13
975874 12
680100 1
412731 11
226284 13
270172 12
88422 15
678328 1
285122 11
83551 1
384470 14
46959 11
91520 13
323354 5
172444 8
708096 15
865183 9
846957 4
177575 11
738887 3
420786 14
9498 13
231564 9
289552 8
984022 8
807456 3
539245 15
187503 8
764636 13
831905 10
650124 4
949871 16
533053 3
556877 15
81063 10
72602 4
202366 11
836193 16
552416 8
989337 11
465267 2
778277 14
853715 9
997052 10
321246 12
515477 4
914434 4
787451 6
857078 6
612836 10
45965 3
316745 11
497855 13
13590 8
685798 9
942341 7
487527 14
299930 1
242128 15
15247 8
772240 9
660353 1
172532 14
401391 8
372190 13
97535 13
937281 7
18992 6
765394 7
55716 8
314753 14
540035 7
799250 2
749979 8
611820 15
648391 15
90435 16
900160 15
440536 2
899691 10
568067 13
98039 16
696769 1
682779 16
928813 3
690187 10
301820 14
251920 1
132690 9
987875 6
325388 14
176149 14
362082 4
359530 9
159855 15
127961 2
190525 4
688233 12
430417 12
179603 8
107200 2
277859 2
849450 14
139784 2
679404 2
586012 12
625678 4
742406 14
297349 5
709442 7
77747 8
498619 15
736776 4
156853 5
486460 1
572347 7
423841 12
367407 15
988232 14
386229 12
219258 10
396120 12
661354 13
668795 12
171882 13
554025 9
909476 2
156951 11
391733 2
344960 4
295424 4
289153 15
627241 16
143997 5
497981 4
448884 13
105485 11
701017 7
934258 8
3592 3
308483 1
123256 15
653383 2
789218 9
863197 16
360786 11
669052 11
207901 11
534783 10
81700 14
905999 3
55246 13
483349 1
736288 7
218122 4
348470 5
293452 11
104009 16
836146 14
998961 13
913581 15
839274 10
209373 9
995331 2
104912 13
493640 1
615884 11
389504 10
334778 16
748890 5
570701 14
282395 3
867670 16
557496 1
316800 13
413690 13
282543 16
320985 4
662535 9
968783 10
943118 6
450144 8
631905 6
818062 16
168279 5
689943 13
185092 15
455704 3
215277 10
497787 16
998111 5
746667 13
859643 2
184835 2
514267 1
346423 12
276692 15
173836 3
122172 8
577439 7
630252 2
351732 2
33726 5
104996 9
215077 7
487937 16
516842 13
636356 12
468132 12
293324 13
723174 10
855641 8
973834 13
533976 11
74637 6
750301 16
37597 15
498945 14
364536 7
927093 6
575385 10
403018 3
129334 11
218554 5
106358 12
923934 7
367717 5
488112 15
590877 4
491021 9
591282 6
430532 16
812793 7
428755 1
700721 13
805784 16
196702 13
180530 8
535244 3
298280 13
519709 3
189525 6
482567 9
990793 9
381399 13
235185 6
114981 15
909835 14
692936 14
672039 15
523748 9
856094 11
818254 5
878689 4
298557 12
768004 1
25950 14
127038 1
225291 4
470552 6
289543 10
361422 9
362965 1
761499 6
894990 7
499577 12
664695 15
684423 8
141851 6
854589 4
540005 9
456955 12
852016 7
266998 4
171477 14
548412 15
286091 1
275946 9
20753 12
694674 5
436738 11
382931 5
310163 6
341008 8
316605 10
119939 2
855707 13
772900 7
28686 2
206236 10
143698 4
649781 6
824501 5
686704 14
159598 13
55136 11
657852 5
627451 5
695436 15
279708 12
324466 13
148891 11
377555 4
300165 10
465552 13
653120 10
245783 14
861809 6
83492 2
429249 7
772656 16
168563 2
482518 5
441539 3
508060 4
813537 3
339309 12
209282 14
334405 4
157213 13
130207 13
795024 4
946228 14
470082 7
778864 5
788036 10
117298 14
201858 16
686993 1
393562 15
943071 10
616923 4
381068 12
974535 16
65666 2
811522 4
429071 14
541667 3
584791 9
838709 3
29286 3
110083 10
575556 7
907905 11
199948 5
877737 14
806365 1
39156 16
479507 15
826679 9
79603 13
165346 2
616560 10
527636 5
324063 6
183888 10
691437 2
21119 15
934314 2
200250 1
402912 14
8950 13
493562 8
534011 8
52723 3
507342 12
228334 16
230787 2
160823 12
265801 16
168270 6
118306 2
806563 9
579675 7
487188 1
683843 13
578369 15
480634 2
344837 3
107928 7
461361 11
937436 9
687074 5
349441 3
159862 11
265173 2
520640 14
920660 1
125824 16
101368 13
448443 8
174655 5
746513 11
602467 14
41949 11
119015 10
325042 13
630168 14
757587 14
331318 14
542111 5
421379 11
325842 1
212653 4
200608 7
900732 7
362463 13
896682 7
387146 16
634399 12
720710 12
581895 13
3297 8
9588 6
821282 5
305252 3
134525 8
223695 11
489030 9
25493 4
334228 3
859729 6
254163 7
368161 11
81020 1
193931 1
220772 7
840628 13
943630 5
30018 11
524051 7
893817 16
349453 4
32429 4
328905 4
125387 4
732152 11
226076 4
597752 5
511855 13
901160 5
768633 5
714725 3
891414 4
448335 6
327870 7
988888 13
872524 4
285280 15
882631 4
710728 16
612085 14
276216 13
551064 9
687873 7
171076 3
851859 7
166604 7
48944 11
64507 10
42575 9
968422 15
864549 12
697509 15
398436 6
491425 3
813565 5
455366 13
605776 2
372324 11
662257 2
402184 1
246651 16
237361 13
277643 2
434916 1
125851 9
949825 4
252037 10
809599 1
592692 14
197431 7
742635 3
765164 5
350405 9
401903 1
52068 11
813061 12
671939 12
63196 5
946165 14
135383 6
134130 7
976916 14
169308 7
83076 15
830247 2
797449 4
103154 3
760130 10
64914 4
709461 5
89345 6
784389 14
889171 14
212490 11
221943 8
338488 13
189655 16
123239 9
321595 14
311903 8
30949 5
710081 16
568154 3
413661 8
477032 2
146236 13
32466 13
75304 12
463016 5
544573 1
888523 9
993227 8
302025 11
662774 6
406322 6
207577 6
957723 6
345844 3
807731 9
431518 8
350965 6
314611 3
967305 3
601639 15
576473 5
567183 14
794379 12
505502 5
782118 12
556085 5
909624 13
357202 9
576257 10
187757 3
542926 14
400267 9
69177 16
234775 10
286525 4
847315 2
686505 3
542270 13
719045 2
676715 1
868888 14
136605 6
936693 4
882148 15
724341 7
399896 5
788163 12
892808 1
384926 14
737362 5
56563 13
227097 9
455119 13
699998 13
627497 4
301500 5
916460 9
695817 15
274720 16
724075 11
301025 8
206884 13
520790 13
428502 13
644967 7
52344 14
686035 6
166127 15
86613 13
696361 1
437897 14
52801 7
135065 8
664239 1
957543 5
586691 5
630567 6
905249 11
709014 8
201183 8
79357 16
658783 5
954182 10
828935 10
867785 6
594502 13
328995 9
820805 10
169367 2
45184 8
564576 10
926971 12
646853 8
260679 11
645074 11
491063 16
344320 2
664276 5
472835 11
143129 16
416207 5
553900 7
157059 15
42069 7
899098 3
216700 11
638479 2
227970 15
356914 8
245922 2
619923 9
625652 2
635426 8
333721 8
981711 5
712738 11
732571 11
443996 15
119989 11
343591 14
909472 2
586067 3
515720 15
245120 9
913590 6
670733 4
218401 12
464865 6
863460 15
936185 14
115662 1
544094 1
455252 12
733431 4
317809 10
880635 8
126165 8
570417 16
462949 16
156747 5
567438 4
751089 13
350748 10
627436 6
336362 2
840632 16
589512 6
253658 6
322172 10
192380 5
309794 8
537177 8
837016 14
366647 16
968249 10
715824 5
279804 1
370614 10
675774 7
869971 1
445756 10
996051 8
96370 3
820967 2
870095 2
726813 16
110067 7
533646 2
808972 10
489531 13
608089 2
95350 13
338932 7
122148 6
993986 3
213790 5
463687 16
471003 13
836690 14
560010 12
461910 12
155085 15
607859 12
779755 1
499386 6
430039 7
715224 1
279237 15
12907 6
548081 9
66961 12
125603 13
179387 3
219512 6
111096 5
910830 11
5148 7
803167 14
66653 15
652229 15
313531 16
867972 8
12641 9
215571 10
236863 12
919114 11
280223 15
628132 16
593982 13
940272 16
96082 3
183990 5
416636 14
79298 4
791015 7
245112 11
118239 7
340012 14
702541 1
474346 6
879932 2
342324 8
857760 16
58129 11
319030 1
135763 5
790406 13
567724 3
919942 5
823385 12
416596 6
731508 4
272709 3
405022 12
129637 11
203962 3
170152 15
934131 14
321854 10
520020 10
336569 7
134875 11
595758 2
564655 2
402813 14
455932 16
880702 14
962358 7
362831 16
39145 15
379511 7
305133 5
135277 3
236536 4
722402 9
900560 11
717613 4
511121 2
357574 7
466006 9
50896 10
990284 15
417524 15
63996 6
296307 8
744610 6
560644 11
455175 5
639550 9
765263 8
720576 2
652822 8
748493 14
843043 9
437822 8
50217 1
733207 4
886777 14
338245 5
957530 3
915722 13
26880 5
816897 5
888286 6
648566 6
114643 6
49040 12
838564 14
852392 3
168345 16
131854 2
37373 6
602010 4
9237 1
66906 10
441201 1
259597 16
678476 16
278012 3
357032 7
652379 16
176260 5
669602 7
722032 10
409167 11
713926 4
277525 1
189071 11
641578 10
612696 5
141522 3
408943 14
714641 10
10722 9
55240 7
749234 5
937429 5
777679 3
930313 6
470951 13
153305 15
596005 16
633429 15
938443 1
574362 11
345367 6
141868 6
142856 13
763372 8
432165 2
266115 3
663387 12
568898 13
324540 1
924831 2
411619 16
716590 11
888827 5
794613 10
903811 12
759147 6
963859 3
509695 16
92333 7
625409 15
96641 8
69646 4
