2022
468157 7
437843 12
675541 13
312704 3
334349 9
390189 15
253328 3
587403 12
120449 13
881032 7
282174 1
130886 11
199907 9
95264 10
558559 12
109982 3
539343 8
231793 6
532071 8
662941 8
524651 10
523086 15
560408 15
293650 13
760321 9
939220 13
490808 6
776047 12
805463 14
907127 16
313305 2
675119 11
335545 2
249454 9
803091 15
429813 8
241204 8
480898 5
251891 16
589601 13
251538 9
835673 4
39884 12
979457 4
486849 1
234021 14
290835 8
418191 8
980638 10
635844 7
168346 13
322148 5
829295 13
250073 2
213909 10
522451 6
60066 16
496642 14
132103 7
768459 6
233059 12
31066 4
973682 13
205805 9
914820 8
229905 12
775557 12
1170 8
6222 12
91030 15
857338 13
643996 8
787077 7
808882 3
341898 16
593314 5
592459 10
208282 12
277484 3
655735 6
607048 4
961383 3
482852 8
433774 4
40542 7
700432 15
830196 2
918811 8
128258 13
83782 8
124723 11
824686 16
120730 6
554082 3
863597 16
167712 13
156663 8
966974 2
635782 12
551093 11
99050 2
872335 14
795511 14
448217 4
758169 13
445159 13
762426 13
543228 6
87532 7
375251 6
431189 15
980600 4
465594 3
840564 10
40061 14
481762 7
902247 16
284571 10
445258 11
929768 6
520945 10
319475 3
51110 15
567183 11
2410 10
797536 5
202119 8
948471 3
445921 6
551418 14
988119 16
333259 2
15292 12
162013 3
247657 12
184813 8
498304 15
547272 10
682461 14
665496 15
161914 8
179460 10
991998 8
62541 13
831307 9
179764 10
443880 6
618208 11
494772 3
427596 13
94282 1
651638 8
319037 1
562874 9
94669 7
504693 11
869388 8
677490 12
978834 16
479903 11
508692 13
443730 14
167631 16
563026 11
773386 6
999174 1
798032 5
978242 6
728938 12
321001 13
328455 2
630828 6
729677 6
693597 11
131958 11
730688 3
494732 6
985628 3
665412 9
820644 5
784742 5
672664 14
524997 13
933399 4
51068 8
265790 13
633355 7
172177 14
392202 2
169184 15
530132 4
970724 6
246390 5
241272 8
959947 11
325018 13
334611 13
781518 13
389421 1
399006 6
61434 5
885636 4
49053 5
311531 8
409808 6
808224 8
670643 4
882575 1
688236 6
889374 2
971698 15
660420 2
43877 12
830171 11
447675 14
259277 3
943618 1
22332 13
747393 15
267956 12
29773 9
244819 2
741017 5
169335 8
258148 1
580743 14
199131 14
939918 8
468674 5
518881 6
957171 15
396791 2
624746 8
82024 12
433998 11
914959 5
426076 7
604186 7
115596 8
577716 13
906750 4
539133 8
287858 12
842482 14
763705 16
400038 5
365241 6
64881 14
774214 9
347137 12
449464 2
508860 16
350958 3
592756 11
808625 11
201052 14
75692 14
570410 8
329088 6
231770 3
602668 7
81583 15
968870 8
686349 14
709141 13
111725 1
291265 14
319354 1
620814 15
367657 13
109144 4
496965 13
824104 4
470349 12
9325 9
715905 15
287021 1
125682 9
382724 10
231661 3
43250 10
996390 11
94446 7
662868 10
773972 8
300009 11
900865 3
782392 15
516477 11
741591 2
245866 4
582288 9
332262 8
598345 9
906295 11
308026 3
400484 14
427511 16
878562 11
698348 7
882642 10
400950 3
92306 12
538831 13
440208 7
343201 11
378381 13
343660 12
603394 4
688041 16
288037 5
574663 2
932170 5
28366 10
122044 4
904623 13
589614 4
786330 11
800099 2
172182 3
347665 4
258960 4
642317 14
912509 2
568904 12
41006 13
881858 10
552565 3
136342 5
664293 2
386358 6
328482 5
27217 7
807282 3
429696 7
348249 13
652873 13
248612 7
505780 8
795126 10
396935 8
108890 3
813972 3
66478 7
940628 1
245360 9
994281 13
305454 5
134166 13
617937 9
220321 4
438298 15
462673 3
273117 2
101647 16
236931 2
679672 13
395706 12
900243 15
686307 16
697878 12
487816 14
545070 16
543732 4
104423 8
881258 4
171235 10
334344 9
38625 4
748098 8
97888 10
778024 2
578374 4
713893 12
577879 10
491015 11
834635 4
885474 9
765636 4
970938 8
383921 10
773771 1
615268 13
366796 7
65164 14
319974 9
540346 8
202048 9
845130 13
397976 10
61500 14
427093 12
150602 1
570817 15
152915 8
55153 2
77383 10
476992 6
522562 3
951971 8
182601 13
767927 11
209672 3
302344 1
882734 7
436422 6
609026 11
417056 15
553335 15
631182 5
649504 15
912321 15
465796 11
987459 15
749551 8
519130 7
656723 16
91287 2
306281 11
799255 13
188938 3
815108 12
755259 2
207712 5
35502 13
139016 10
121223 3
308640 2
591091 13
926026 14
649224 14
32847 5
9765 4
952134 4
152843 10
257758 16
500645 8
866179 7
522224 16
978333 13
789967 5
983323 12
316060 15
371161 8
36695 9
258337 15
740769 5
791165 6
308054 10
262248 1
902215 15
376354 10
14131 8
424001 13
7741 13
388809 1
606285 9
848717 9
971511 10
989408 10
900338 1
676781 12
648006 13
434161 5
656234 10
393111 1
254378 8
489859 9
482246 5
690002 7
418902 7
407274 3
866849 12
994221 11
677532 12
17215 4
108911 13
196803 2
376101 8
411869 15
747875 4
756958 9
404302 9
616220 16
180108 5
616959 13
446587 5
814239 9
705282 5
967398 12
509158 6
369703 6
590672 9
385799 12
996387 3
716581 12
743472 15
106165 7
815314 14
950748 6
433682 5
219167 9
24627 4
918001 2
161436 3
653064 14
338219 11
969813 13
329508 14
658953 15
435083 1
593087 15
587612 16
787210 15
887521 12
578403 13
686699 7
260549 13
55698 8
677672 3
676476 14
300060 15
876489 11
87353 1
622209 11
61581 3
877218 16
2437 6
947042 8
383108 16
427605 2
539832 16
370963 12
116393 6
817049 16
666959 10
443935 11
226150 3
26041 7
54774 11
624098 15
244918 14
501640 11
454086 3
393827 2
148220 6
666309 8
575921 4
32620 10
634942 14
993315 8
238132 13
973874 1
959012 15
215918 7
822151 1
255853 1
193052 12
604129 11
285716 6
371732 3
861827 7
779887 11
43443 14
766786 3
284550 9
169618 3
282731 1
402938 4
251995 16
883864 16
453269 2
424701 7
236590 11
454572 3
934560 9
378393 16
144914 4
681624 3
17360 9
737354 14
155920 2
294073 10
662706 5
682543 2
237487 11
11105 9
348522 10
4220 6
213625 11
69727 6
338885 12
49324 16
276264 2
65795 8
219434 14
605397 16
757843 9
803298 10
208343 12
639904 16
380929 2
345193 2
708508 14
339152 16
581723 4
113149 11
31298 8
782238 5
192812 12
206882 4
87827 7
942764 12
101982 9
286763 1
154763 7
663871 3
782798 9
605520 13
720453 7
79861 9
438463 6
742363 4
369287 3
223846 8
227230 5
790754 9
644570 4
974028 16
151052 5
28188 10
891451 10
749138 14
291131 12
330793 1
145125 10
417693 16
349094 15
471391 11
695165 5
615496 5
713672 6
797992 5
136801 13
816743 5
976676 5
918870 8
716683 11
417622 8
336058 2
340410 16
504978 2
306894 6
773311 5
888735 8
898697 8
937921 5
408448 13
143607 14
825200 12
141167 12
217920 14
498764 6
584550 5
266615 16
366878 11
738833 3
465712 1
377347 11
61468 8
167831 15
616546 11
209746 1
346459 7
206304 3
901990 5
959705 15
462430 11
475598 5
537353 11
331279 3
785552 13
372831 6
885516 11
708269 6
542129 6
505061 14
350395 11
159444 7
430912 8
217247 12
8064 6
57030 16
481014 6
733771 12
351049 16
263187 7
875705 14
327626 14
882803 15
640667 8
775913 12
418507 5
383230 10
559804 16
997733 14
390573 6
643160 5
60645 8
658117 10
425743 8
261009 6
806591 1
582011 12
188854 5
474864 4
834489 9
910870 13
923175 8
73393 12
408361 10
960222 13
503748 15
467503 14
9714 15
914732 7
601185 7
126823 14
34378 14
22563 16
297400 6
958542 9
932282 8
821437 7
401525 14
671242 1
600442 16
531075 15
443362 9
957276 14
499143 13
146007 13
212060 1
642990 11
383204 12
567736 2
107305 5
338648 3
935808 15
825964 11
232420 8
942070 11
254728 11
442081 15
584868 16
923883 4
261360 16
182848 2
835374 12
575497 8
347238 4
377275 2
498060 16
598658 15
415401 13
591643 2
843132 7
65766 2
573215 9
203448 1
865257 10
160425 8
500137 8
144675 4
501938 12
79808 9
138366 3
999616 4
710650 8
517946 16
683720 1
971724 2
259479 3
326588 1
989868 4
884508 8
19416 8
637190 16
340832 5
141266 7
146405 9
749160 7
392184 3
498630 10
534989 6
749703 16
354711 10
243244 15
26305 7
102265 13
401833 12
717372 5
860607 13
366420 16
78236 7
759442 5
721468 9
808309 16
386238 1
620491 13
252127 4
791692 1
407591 15
434223 3
964205 11
527073 1
125657 6
267626 15
471149 15
444336 14
881637 15
605878 15
756038 15
502664 10
677448 10
44056 9
928224 14
332171 8
822396 10
781147 9
615730 1
718450 5
973369 2
141465 15
594677 3
670124 12
903742 2
786075 13
55374 14
311416 5
735335 9
506989 15
846910 13
378934 16
792942 8
849512 8
257482 14
400355 9
781114 14
844196 14
738541 9
203301 9
952418 4
334510 10
589134 16
999426 10
786924 1
379121 14
79270 11
244477 14
423965 2
903826 13
879030 1
969981 13
711605 3
274187 1
556277 14
145555 3
632036 10
934302 6
733330 1
732531 3
733424 3
520470 16
701468 10
342198 15
477488 9
48238 10
603717 4
624369 4
271360 11
811368 13
820519 5
299354 16
261565 9
643936 15
439428 15
522409 3
669812 4
706845 15
226876 9
594007 8
299397 7
97297 10
24549 1
75178 4
611821 1
341396 5
44067 4
958809 10
376773 3
847495 10
202515 7
282087 15
431386 12
883135 6
161969 5
818484 10
875051 12
871658 10
255304 8
781773 10
829111 11
112894 4
704204 13
482724 11
222922 14
473013 8
315888 8
115255 9
697454 12
769312 11
480702 8
435591 3
234061 3
625805 15
952945 2
445645 7
75283 15
254475 6
469373 6
820633 11
336606 6
193341 13
195537 2
434831 1
364633 12
127582 2
368069 10
64563 11
865846 5
777646 3
960393 6
463037 5
170097 8
604654 4
896899 15
418480 13
908257 8
617117 12
999380 15
818511 6
319358 12
306100 1
641977 10
985042 12
709134 9
677232 9
861276 5
746374 12
315817 3
727304 1
182524 4
840120 7
96781 4
941009 1
507282 14
330658 6
680736 10
437963 1
481596 12
371448 8
139936 6
174561 14
828853 1
391560 7
867862 2
7048 14
507759 6
426613 12
42612 3
778074 2
160554 14
537737 4
419686 7
688411 9
82830 11
239789 9
269224 14
391757 16
226164 5
803976 7
763768 4
973796 16
319193 7
884617 4
989244 10
38684 8
84276 1
817548 13
472800 15
883066 1
21960 9
319119 10
147837 6
811362 9
841234 16
706305 7
718622 12
595117 13
609144 16
223210 14
320180 13
255691 3
152036 10
623069 7
702757 2
898455 9
748070 12
544882 4
777379 11
194498 4
617647 6
148956 11
551497 1
653063 14
756709 9
222452 7
214841 3
636791 3
384490 1
865213 6
654141 2
255198 9
590042 7
887522 12
585926 3
825975 1
454427 2
973661 13
378362 15
181319 4
271549 14
461682 14
182083 1
682109 2
86102 2
956415 13
45961 11
230916 5
111782 10
195717 7
374297 5
870925 5
317063 6
638676 15
865544 15
379089 11
783074 2
387133 1
438744 3
866569 13
892649 12
560661 15
808662 16
924368 5
94185 12
887923 8
778923 13
188682 16
969624 4
602492 7
59981 14
887677 16
146113 11
832831 9
368710 9
248292 16
408918 9
622239 15
340022 13
367137 8
736069 11
57628 12
249028 7
870269 15
492235 5
29405 7
701656 16
119519 9
148233 15
865372 9
809903 5
74235 6
338739 16
507880 2
151952 7
918541 14
90807 3
527625 12
267127 14
150095 9
930079 2
112027 6
441474 14
397611 5
213579 8
904907 1
621552 12
968222 15
868220 4
508395 3
333059 13
259160 15
486361 11
588534 7
234305 14
846753 1
721794 16
180445 3
654605 8
770717 1
110754 8
651011 7
143833 11
158704 14
754537 10
540958 3
350286 15
350829 15
968725 9
104098 16
921173 16
85400 13
716417 4
664440 4
947251 1
697899 12
329023 15
307851 6
782946 15
976829 8
202453 7
488303 9
775628 6
238586 14
748155 12
800160 14
157423 11
380412 6
78120 9
640271 1
494551 6
577314 15
758266 9
906533 9
945065 4
838179 11
271565 3
511626 11
891148 4
534153 6
740224 8
689591 1
64732 8
648096 2
113027 9
521075 16
177560 16
149020 7
874338 10
738795 4
506069 2
556604 6
342850 10
955669 13
134187 11
699602 6
448399 4
503421 9
544007 1
526309 14
759592 13
165857 3
460477 4
660630 4
511942 13
499632 11
109302 9
156468 7
378674 7
437526 14
454129 7
837580 3
530695 13
463892 14
420740 6
661467 11
342052 6
949890 9
133307 16
815255 11
213839 16
184564 16
332410 12
286626 11
373168 2
153364 9
521401 7
504434 5
88244 12
408996 14
261855 13
534880 2
907425 16
775536 3
294728 5
42007 16
415712 16
787469 2
220875 10
992768 2
366683 3
554928 8
656605 8
824148 6
856949 10
653141 14
437749 13
282802 13
34804 13
336369 10
178849 16
237122 6
874027 9
243997 13
348121 15
299575 1
971558 6
524170 7
365475 5
306421 14
726434 15
344983 4
908878 14
977985 16
717879 6
99278 10
731535 9
267812 7
845293 1
452842 2
549555 7
554386 6
445786 9
774115 12
738164 2
912887 4
105130 9
995598 4
176492 4
943153 9
908151 13
579878 10
596987 11
176412 2
643278 1
437849 10
194519 13
732520 14
282019 12
614446 10
677133 2
931121 9
263504 8
383175 9
469509 15
433338 15
570828 3
582354 11
129642 14
692227 14
760280 3
115270 11
68124 10
868198 14
486848 9
941227 5
466987 2
299540 10
479302 16
390628 5
675942 8
675785 4
436430 14
334953 16
147966 3
996801 15
254153 16
859470 6
113229 15
149257 16
653182 1
394000 9
570036 11
922875 11
736718 10
480667 4
231759 14
287609 4
974778 16
265260 16
545308 8
784165 10
193853 2
227290 15
284423 13
507071 11
548385 13
870454 7
759198 2
271867 12
184580 2
380626 3
516112 7
171827 1
829144 1
888736 12
235998 16
136511 5
147603 12
141299 11
342584 15
981459 5
499295 13
242540 14
91564 15
312691 4
287819 15
294878 16
185463 2
922183 9
983805 16
354050 11
300628 10
635522 14
762154 3
577611 7
141867 14
939151 1
439245 5
565822 3
101680 10
981264 2
374126 10
20066 5
269028 13
542837 8
174643 13
800274 12
178453 4
830824 3
922882 14
751568 5
187085 14
833013 12
561295 14
961496 1
927559 14
734377 2
528155 11
228671 12
718393 7
281602 2
451977 2
275768 12
53325 14
533793 6
142572 10
808021 13
995835 10
563420 7
458726 6
943405 2
683086 2
849333 10
378328 12
509175 4
119532 16
708620 14
12396 12
67815 4
577619 4
48021 4
760125 15
692129 5
458857 2
733783 3
88228 13
147715 10
705912 1
690683 13
949767 12
603881 7
182462 1
884960 1
840564 3
927729 6
666261 6
149243 16
779234 10
439200 10
648897 15
632095 11
831682 15
454074 4
57082 7
427471 10
583957 13
743645 16
109500 14
517997 13
532173 12
315903 1
234510 13
711833 7
957098 1
948851 6
557708 6
818873 4
679618 5
32964 9
90230 11
2293 4
198747 2
605948 4
565366 1
244596 5
538561 11
110485 11
485870 9
36062 2
152805 12
732031 1
421407 13
547072 5
908042 4
575292 8
60150 16
546403 16
165175 12
856878 8
812853 11
151698 2
773665 2
194488 13
52220 13
262961 1
844584 5
993540 2
528340 5
259043 5
368008 9
241819 2
324324 2
807961 10
568811 13
444755 12
864111 12
725522 11
78486 14
344346 7
606773 15
873270 3
793251 9
204805 13
6979 16
232089 3
242729 16
7200 10
368459 13
337753 11
810100 11
298014 7
575629 6
205660 15
301503 9
550690 14
386156 6
780004 15
776549 7
760034 1
301733 11
673412 9
392232 2
732590 16
259230 13
563731 9
375865 12
865761 9
703659 16
812886 13
326001 4
869433 15
269308 6
471059 4
635200 13
96293 15
440626 14
265027 13
130627 16
735643 7
418903 4
482199 16
769987 12
655993 15
278134 13
563633 3
151403 2
767496 6
782752 1
263191 7
58938 11
126306 15
606457 4
749406 13
432235 2
949217 2
843474 9
73894 15
383068 3
49953 10
590194 5
170247 4
32764 12
864519 12
911815 5
79262 11
255286 15
36237 8
195157 3
742496 14
803361 15
390704 1
93265 15
709128 1
591220 2
544398 9
56026 5
820011 1
891838 9
751276 10
736129 6
200107 7
505986 15
9703 3
816160 4
97774 8
98156 16
60257 14
750686 4
729794 8
569907 6
258685 14
361173 9
30826 9
665575 6
62202 1
363662 4
964339 3
454335 11
699512 1
262183 3
570556 10
307778 14
997716 11
898672 11
676148 8
675222 9
276579 16
808153 10
221880 9
631304 16
967637 6
283697 4
550986 10
926061 4
567255 16
69510 8
731091 9
940611 1
257046 15
591707 5
305723 10
694933 6
627694 10
770264 2
998602 11
931898 13
128005 3
581727 5
957871 4
589548 4
315313 11
422050 11
877075 12
32571 6
687361 12
652391 3
949757 4
897771 6
72894 7
446340 2
594522 4
462399 10
454780 13
459455 1
710496 9
958508 3
63190 4
73105 14
98842 13
154424 11
572417 14
550481 15
151231 11
842632 2
892712 6
11986 12
706263 1
745693 10
836222 5
183959 15
95501 2
663711 11
928128 2
987362 13
962525 7
325785 5
863747 1
479443 11
215598 12
631666 4
743030 1
610214 8
415190 15
15012 2
129259 5
560906 2
975041 4
57015 15
635264 4
882036 13
819262 10
148997 1
258849 12
625198 11
684973 10
947587 6
126787 4
80971 13
194298 6
646804 14
238251 11
87199 16
144660 16
749831 8
214356 3
745270 9
714215 14
237302 9
889053 15
967943 5
524927 5
930674 7
449624 4
668025 6
944714 8
115932 2
153248 6
338040 6
501692 9
64735 14
206877 4
790708 8
219820 7
965413 5
902024 8
367153 5
576796 9
648150 6
325907 7
694658 2
52147 8
608127 12
795738 8
848728 16
256921 2
519028 1
766305 11
510483 4
783830 2
780514 13
598607 13
689892 10
457566 1
177447 6
883757 7
749088 16
297243 2
45065 13
237221 12
245949 8
409001 6
856932 15
43006 16
959630 7
794313 9
550816 16
805324 4
271117 10
820351 5
491818 8
112794 15
724530 13
317465 15
568132 13
208326 5
602347 14
483187 13
353588 1
725300 6
671059 2
171574 8
486388 4
635440 15
585781 12
488709 3
684510 1
374103 16
975866 9
650934 14
660159 7
536586 1
616953 5
804519 5
941626 9
582185 5
470388 10
1028 16
256246 1
232174 6
103788 15
104939 9
158209 16
688422 8
949833 16
796854 15
889850 15
809902 11
79533 16
984958 2
214890 10
944796 13
423429 10
34960 4
503540 16
687139 8
192238 3
623911 3
914533 13
255743 10
678353 16
11588 11
20011 14
542506 2
772505 9
787541 10
436937 6
655077 5
766997 3
737738 8
876887 9
85446 16
486404 12
688653 7
320010 15
204660 5
132779 4
539837 10
690389 12
637640 1
250338 9
541569 16
213930 13
172747 9
802852 8
452355 1
933008 4
822778 6
366754 9
882363 12
640508 15
45764 2
699236 5
119592 14
90640 12
506947 11
624879 1
512654 9
166814 15
695560 11
134331 14
27593 15
899024 15
203899 16
575051 13
382505 13
520480 9
375561 5
397507 13
72343 2
768238 14
667220 13
216571 5
980222 3
807334 12
496447 4
912282 14
477026 15
708014 5
18058 4
117951 14
247342 1
617219 1
788402 13
149951 16
711059 16
62281 1
997329 6
163907 2
640645 11
931129 6
737560 1
822133 7
409564 8
376574 11
170762 12
203975 3
674721 8
256126 6
870378 16
135540 16
284229 2
614546 14
507403 10
797398 9
251760 5
589874 1
520692 7
402947 1
331751 16
537490 14
832937 11
361087 11
28161 9
842930 9
446264 16
54451 11
258795 8
962065 14
652171 10
876273 1
752872 7
705638 12
695860 11
98518 11
520796 11
576882 1
148350 4
482388 3
247554 8
715201 10
514933 10
956029 2
320028 3
441300 4
486083 14
89998 4
276070 9
362508 11
341391 13
293952 2
851001 4
143113 15
435889 14
233386 3
860659 3
273933 2
511680 9
820614 11
990871 11
807624 1
760933 7
808475 7
478547 5
893880 3
45312 2
191650 11
469711 9
4891 15
345965 5
27633 1
726626 1
614943 4
140020 3
21763 3
575962 16
80759 2
421211 3
908781 16
236937 2
576259 3
874540 12
937234 15
763803 7
809652 8
651012 16
285096 1
221824 9
82490 10
552213 2
924719 15
488090 8
641854 10
576142 15
716004 7
928595 16
773381 8
253976 15
8459 15
737726 5
718899 8
342504 7
567576 9
930049 10
946993 6
934916 8
656252 11
710886 10
333037 6
30625 4
859123 11
247393 5
396101 5
428646 8
981004 6
418386 14
344580 11
863439 9
29643 3
537228 4
754081 1
641696 16
606141 13
741332 12
33336 14
84211 8
622725 2
501919 7
516796 5
979054 14
342204 2
690276 3
673313 1
813775 10
863379 3
155526 6
969306 4
885304 14
528371 1
925247 10
798521 15
153665 3
982395 2
749246 8
940077 14
445436 1
9138 3
698893 16
670843 6
151957 8
385613 14
441576 15
670777 3
592030 6
988137 9
514537 7
717768 2
92718 5
138483 11
878998 6
696608 16
561190 14
513826 7
568350 1
440065 14
169910 15
520511 10
742085 12
123542 9
639000 3
604177 6
112216 2
129122 2
945077 9
5884 2
515010 9
881079 5
235819 16
288904 15
449865 5
