4310
187705 1
713008 7
500559 5
601115 10
629214 16
732863 4
473259 5
131688 1
970264 7
304190 4
64938 3
390532 13
332423 5
674451 11
666872 7
703161 15
974510 11
323568 14
24577 15
587138 7
772137 7
570641 3
215582 8
274558 7
777326 12
110636 4
539682 2
707597 5
898770 11
654970 3
780674 6
797727 11
550294 14
525480 5
644706 3
140929 2
107018 13
580377 5
118390 12
983473 7
980763 5
602687 6
170982 16
363266 10
889725 5
933273 12
140484 16
897675 15
265226 11
751350 4
868816 6
682610 2
67651 5
600200 14
220428 1
130363 3
317697 7
175352 8
675157 5
221729 8
529208 12
874682 2
130024 15
504867 15
365242 9
683842 10
838942 6
433815 1
166270 3
730967 9
894627 16
672445 5
765064 6
57292 4
816429 16
263661 11
3625 6
813938 16
312088 12
181633 8
568399 2
924303 12
4659 10
212697 10
884032 3
940367 14
664727 2
436004 3
82983 1
770932 13
826805 3
774605 7
986145 16
122183 7
802482 11
369074 11
633971 7
563651 14
930589 11
464404 5
825347 16
497059 16
367527 1
76690 10
943540 12
214549 2
685241 10
37290 5
30127 12
968115 10
616904 3
629431 13
687940 16
500291 3
990227 12
898112 2
766256 8
5911 16
872671 6
182487 2
381640 1
900678 16
570231 14
944774 8
479013 14
474881 2
477562 12
484956 14
491980 9
908779 8
385042 8
90915 3
59228 10
343961 8
386580 10
910273 11
39897 13
321140 8
914707 10
413256 6
856205 6
939758 13
691020 14
910395 9
61218 1
86588 2
507986 11
852490 1
372094 6
772029 4
984865 14
56247 1
676352 13
689131 6
630230 10
8900 15
340948 5
427077 1
291130 9
680536 6
25273 2
384428 5
214699 16
954302 11
674707 1
474753 15
240877 16
939216 4
70020 14
229655 2
212059 11
410049 11
184516 5
612662 9
541903 2
264591 3
722735 11
171739 2
866147 12
970258 12
529775 14
727664 11
17236 2
99415 5
314170 7
981129 7
241146 16
93046 10
95151 11
67009 5
655166 13
903206 16
755042 6
293664 13
198799 3
939917 2
511718 1
611540 6
76644 14
509856 6
813248 9
848647 7
328107 13
340328 10
984755 14
666021 4
823571 9
734975 9
229359 8
15900 16
432166 1
355570 7
288891 3
733156 2
775720 4
795756 16
755563 8
579190 12
577332 8
620590 6
121621 13
105383 12
151106 15
469158 8
387482 15
527317 5
60516 2
20728 7
613048 10
991205 11
379270 2
466046 7
41805 2
258372 6
69745 7
526357 2
720555 5
290181 2
646134 12
161948 9
656660 15
131371 14
180606 10
617691 4
867967 5
728727 9
266129 9
810129 4
390895 8
215288 12
318121 15
879048 4
856420 13
451256 16
309752 15
53636 4
395242 5
175864 16
210811 4
296044 15
611216 6
292359 15
249508 8
335705 16
330122 11
86599 2
793563 14
416784 12
738210 7
759389 14
794134 11
657069 4
910247 14
364822 7
66591 7
846586 10
137925 14
388585 1
339260 4
175187 1
800990 13
393889 8
251173 2
663651 6
391689 14
284026 14
157651 4
799259 14
39253 6
896908 10
603705 16
290124 1
383262 7
339321 16
178754 11
892327 4
802359 9
469813 6
439822 12
741102 9
40018 13
806351 8
268162 11
713466 1
425145 7
572996 1
458315 8
913599 6
100251 5
253108 3
778662 2
644871 13
33667 6
968172 2
819062 4
290932 9
563892 1
955309 8
84793 4
858609 12
187048 5
306121 15
66665 6
169025 6
73368 2
252191 14
89159 12
804399 7
346676 5
992303 7
973996 11
312149 15
369522 5
614834 15
10697 13
266274 15
905405 12
185727 2
80880 15
422227 1
204121 1
397979 9
719355 15
255541 11
457881 10
406167 9
117090 3
621049 16
918751 10
187983 9
49332 14
492876 5
78260 6
663848 5
31323 3
34817 10
455286 4
294136 14
936140 3
870491 8
491609 15
609809 11
727212 4
885638 11
84150 15
707119 3
824803 16
227495 9
134523 1
379194 10
660560 11
627055 10
607313 5
642560 4
699294 15
699595 11
614563 16
327127 10
676697 13
145021 7
384596 4
206510 11
228567 3
968359 2
955110 6
665000 2
333389 7
269893 4
595374 7
631177 5
134819 9
947748 5
145692 3
768652 10
659084 8
584559 7
272874 14
429101 8
161964 15
773764 3
844482 7
70963 10
575583 7
277178 1
286053 16
981404 9
291062 15
970155 5
36358 15
233946 11
286336 4
189348 2
279322 9
63151 15
164056 5
960560 12
396028 2
403249 16
71820 14
458317 7
847644 14
875686 14
233757 11
969677 4
52345 6
862888 16
214378 16
694047 6
744310 7
910786 2
553283 6
535191 14
885757 16
15893 15
902325 9
13495 15
542994 15
408315 4
385864 5
945782 12
917468 5
946881 16
883606 14
983422 16
58550 15
588249 7
721823 15
384254 10
198583 15
933686 12
516670 6
613652 14
756455 6
904738 14
98368 5
183978 5
133940 10
236409 4
684570 12
369655 16
805038 4
601965 9
802835 3
715643 13
788879 4
40210 8
174128 14
603625 12
845616 15
929536 13
596461 15
100567 12
648567 16
271411 15
195877 6
679641 6
658342 10
128231 14
38205 5
263359 12
513298 15
132061 9
881761 11
613192 13
687435 15
875924 9
656675 3
167350 9
782501 7
258118 10
313752 2
637563 2
86251 10
284382 15
746633 5
562253 13
949316 11
355185 5
925433 10
145890 6
407323 4
157352 16
512318 8
587982 15
798848 5
100560 14
232062 7
655110 2
521962 11
702647 12
409685 14
120229 1
251340 9
910140 6
155396 1
651795 8
407211 3
460868 12
916359 16
423509 8
297944 16
241915 6
143399 7
21547 14
43886 6
980053 4
520868 2
489577 11
756107 12
473951 10
986185 4
789368 16
127572 13
493299 7
948386 14
761136 7
337064 4
578148 1
695027 10
212900 4
505648 5
516110 16
941438 9
974294 7
232393 10
76387 12
373893 7
620810 12
900551 4
388217 13
340960 12
94380 16
449875 10
357771 1
45621 3
514277 2
714579 5
816736 1
949930 2
981954 11
504474 7
46731 15
714925 3
803566 15
251527 10
879724 4
224549 16
619018 3
782385 10
897567 2
986476 15
269711 7
396051 15
235758 3
742359 16
867744 1
832515 13
523227 9
72922 2
863090 2
366298 12
405795 7
361016 12
470900 10
655686 7
323852 14
738729 12
979699 15
149527 4
816310 8
714834 8
34199 3
769029 13
202102 3
494933 15
771913 15
663179 9
964377 12
295428 4
596562 10
924204 10
622973 13
595419 7
895715 13
375838 14
311940 6
528672 6
314607 11
150751 4
5275 11
186510 3
229617 10
57438 14
586446 3
616492 13
596725 2
718825 14
3315 4
870483 15
351077 16
527620 9
358548 10
859997 16
346555 9
861406 13
351431 10
668053 10
216398 9
688756 11
348965 10
788375 6
610486 3
777090 15
225683 11
379785 15
878707 16
195525 7
956546 3
846572 12
859114 9
956080 1
459114 3
724953 7
412495 16
877388 13
989460 9
593088 1
715386 15
33946 11
292921 3
593513 2
21128 4
586178 13
51623 13
13265 10
794622 5
917167 9
378171 4
123345 13
396622 7
303890 2
718953 7
111245 6
213508 16
19020 3
303250 2
776827 10
136627 12
682743 14
131926 6
114040 4
722432 3
213312 5
436074 1
482831 15
623257 5
188404 10
526754 5
40748 11
410433 9
548101 3
556948 4
387190 8
32025 3
541529 7
275246 13
215097 4
975009 10
707948 15
853675 10
584165 2
781240 6
802029 7
514519 7
360732 4
529376 5
212439 4
72354 4
524428 1
211491 16
263633 15
323385 10
313264 6
24399 16
922624 3
307156 6
154683 12
211422 15
426851 11
498341 1
345440 5
512393 4
283374 7
403071 10
387313 2
980615 5
185698 3
182165 4
291113 8
346000 15
113966 1
836034 4
404350 8
762420 10
388709 3
277171 4
92276 15
129971 12
780288 16
822562 3
647566 12
225211 14
395975 3
118685 5
238685 12
372953 8
558550 15
143782 7
755993 6
163144 5
228976 10
56994 16
958556 10
892850 2
286451 15
811510 6
80760 2
714357 9
564610 12
96938 5
849140 10
869247 6
610604 6
530863 8
932512 11
33760 10
423740 12
64710 6
389435 12
243067 10
538310 10
637637 14
567506 13
664047 3
116215 1
895351 15
66280 6
713325 2
116387 3
624878 9
654717 6
736802 11
644552 11
961790 13
429344 9
184234 16
100194 7
909759 4
949010 13
844660 4
420047 7
76074 6
619821 15
783185 2
601463 5
630160 4
120991 5
56652 6
50493 12
368835 13
404154 4
763372 7
413416 4
509552 7
458941 9
657136 5
135840 2
396424 4
89094 8
526291 3
514935 5
413619 8
269657 4
434104 11
395551 10
726909 4
972473 6
78083 1
199054 9
247493 10
802357 6
16511 3
614156 10
139155 10
136398 10
575863 15
738379 12
413905 11
501615 2
438252 7
278665 5
464555 7
959903 10
22434 6
441503 5
279066 15
475454 9
888996 4
42495 6
978030 5
940274 14
661532 5
311404 10
88031 10
685381 14
665247 15
845002 9
539914 13
876437 10
357873 16
829246 6
820401 15
631776 11
382784 13
880255 6
49961 15
959640 16
34582 12
805185 3
391101 11
438223 3
632793 6
256782 8
58888 13
727122 6
736042 14
123018 3
932447 3
819314 15
790635 1
178258 5
971184 12
511894 9
154677 16
384254 1
695624 10
184259 12
186355 15
994834 2
280877 15
621856 2
359676 11
516308 4
576997 4
993844 2
46714 10
428847 5
565869 3
9366 8
846700 4
981072 15
728571 13
15921 15
98736 12
36435 11
706981 4
907008 2
492319 3
685755 8
257994 9
503759 11
525098 1
196640 2
966249 9
489518 2
53199 9
97935 6
525446 10
75753 16
745998 4
800186 10
343429 3
248459 2
342171 11
217489 11
736972 2
376735 5
21940 15
694980 6
33064 5
60373 8
236449 1
746000 12
310296 16
638315 8
695974 8
108466 4
751850 14
722486 4
835190 14
188711 3
738325 14
448566 3
472152 8
554035 13
318420 16
14044 16
170807 13
151497 1
308447 11
896226 15
381926 1
736834 7
872785 7
799261 6
146848 11
387028 15
906081 11
54446 5
13995 13
581312 14
950692 10
898892 15
309555 15
801329 10
751817 3
923533 9
227720 9
854916 11
874838 4
684048 7
741114 15
711180 13
972593 9
473023 4
46279 3
493698 13
779943 1
832801 1
795214 8
884821 2
265649 7
621722 1
794011 5
543123 3
315324 3
888031 4
789766 5
77895 16
949714 3
484588 2
646366 5
235574 9
995885 16
460270 9
379415 7
338793 15
794054 15
736445 6
648772 6
975926 11
299008 2
111365 7
38757 8
601245 10
291779 2
980979 6
987489 13
94119 9
376537 13
830406 6
364109 4
903893 4
151458 13
237162 9
964347 9
962245 5
55491 2
282465 11
943481 9
583283 16
205772 10
21156 7
751027 3
646706 16
451210 13
202068 16
690541 13
27547 6
204478 7
410135 10
710627 1
905819 15
96691 12
298620 3
914931 3
64723 13
909113 12
997967 8
425626 15
796648 10
198445 2
29487 10
775961 16
539266 8
220022 4
183812 5
121826 8
622011 11
115659 4
307423 5
850576 3
265038 16
735191 3
712537 1
713688 5
348897 6
426184 16
816908 14
939367 13
241105 11
214383 5
915538 7
75027 15
58263 6
859952 5
699919 16
528263 16
378027 4
668319 1
677557 1
938457 11
872466 4
828787 8
155527 4
674601 11
65274 9
872821 12
918920 4
214521 11
486033 3
130823 1
79342 5
284781 8
50015 13
18597 1
310171 13
77650 7
373420 3
243510 12
75261 9
389172 10
846603 7
419839 6
390627 10
148414 9
454171 12
101882 8
165479 5
320401 1
810247 13
659932 13
985067 14
642164 15
648130 14
966735 7
774598 10
543656 11
818046 1
392341 14
341073 1
468833 13
624485 6
659234 9
668246 13
585548 9
393572 8
16468 5
872120 9
751262 14
375124 4
591187 12
384846 8
195665 9
616160 1
121603 14
180214 4
215859 14
347572 4
871408 16
274093 14
495383 8
793203 15
810862 11
858788 7
484968 1
313186 12
284934 3
598490 5
708523 13
210819 15
725750 4
451581 15
605518 13
45611 10
826259 11
533026 12
182905 7
837622 14
292060 12
279417 10
437448 16
14274 10
191494 10
65268 3
686291 6
106999 10
334308 5
983736 12
418032 3
373952 11
789216 2
927968 3
372616 4
162470 9
759533 14
606331 1
79279 5
354879 10
421011 8
174401 6
333730 7
200456 14
103777 15
175225 11
58806 11
739976 15
141849 10
113767 6
992797 2
803446 10
645323 3
763411 12
546066 9
370245 10
672415 6
985643 10
759362 11
502056 2
552974 6
974016 9
905838 14
113174 1
861521 14
657731 11
324565 11
636332 4
753138 1
398629 2
929337 5
848502 11
531828 8
755220 6
753396 10
25450 4
398045 15
828829 5
881370 14
124556 11
117674 8
394299 10
787175 14
41771 7
196830 16
806728 11
564976 10
913592 15
435371 10
230077 7
186587 2
773538 8
298494 9
232813 10
942193 14
743570 10
144464 14
671152 14
149777 2
838853 10
208564 3
487763 2
486089 3
477955 14
192559 8
585355 10
689200 5
352257 12
132949 11
212639 11
501222 16
627359 9
114238 12
112032 13
601874 11
39829 13
981459 5
406422 11
584146 11
722925 6
855371 7
810041 10
289578 6
648609 5
676051 6
817292 11
697303 4
637477 3
381497 14
73406 6
203417 1
751253 5
717878 11
627475 1
72665 11
13810 14
369915 3
704706 3
301207 11
609750 9
399207 14
747139 8
637232 8
43899 15
570660 13
570179 2
162521 1
278665 10
681692 11
904266 10
45297 11
56280 3
157675 14
214187 6
139594 3
972670 11
637158 14
72952 13
22303 1
95758 13
242740 14
399443 12
333328 2
23424 16
880593 8
261208 10
203201 6
307530 15
423717 13
724170 10
113408 3
977775 6
473195 14
895975 10
486569 10
318781 15
541980 13
187070 9
43663 8
970720 11
146680 13
456175 10
481805 12
570793 3
190334 11
634197 14
570277 5
16066 12
573698 15
957726 6
273221 5
815052 14
274927 3
972951 15
882427 9
252017 3
575678 3
343269 2
296598 13
283466 10
611218 16
94356 14
571737 3
307265 7
193998 9
265498 8
962130 9
727707 11
943648 11
830530 1
163766 16
13169 12
312281 8
367724 3
595019 1
714204 8
129296 12
605595 15
438867 15
190299 14
556796 1
873838 8
378316 11
86089 10
582908 3
770629 10
66050 9
429768 15
761042 12
948579 8
51268 2
369711 11
336609 9
344896 16
616149 6
670885 4
678814 11
434839 15
289505 8
689393 2
281774 9
311310 15
134676 16
579685 13
442297 13
758762 3
846736 15
89809 14
412672 13
495501 9
591940 7
286729 13
710222 2
189886 10
622835 14
647452 3
695076 1
851511 4
875185 12
896406 5
840282 2
291751 14
32087 15
251411 5
718414 3
180027 2
379925 4
672960 2
265242 1
467507 5
888297 14
482680 8
622774 15
744052 13
385057 6
40843 12
24995 2
104765 10
287288 11
166357 14
363760 2
996887 12
198240 14
848665 8
706498 4
101626 16
31130 10
555520 6
43617 14
295463 5
928041 1
5865 14
77844 6
372122 13
458359 15
664519 15
728808 11
336242 15
561378 8
673268 1
757254 6
473353 9
374766 16
13298 13
590648 2
270648 11
532547 13
286133 12
271520 7
126972 4
763468 16
61683 2
613817 10
691526 9
659840 11
195229 7
777172 9
84216 4
356127 10
7892 1
684168 2
12152 10
827898 8
403361 10
314090 5
282267 6
92572 2
503254 6
31799 12
971605 14
850252 7
424812 10
278673 6
230632 15
44968 5
207466 16
175533 11
117800 2
378463 7
928161 1
503040 3
283779 3
222025 1
477804 8
365008 11
540548 16
697886 3
113194 10
613833 5
27069 6
973140 10
275594 2
348461 13
684908 4
434663 9
945390 9
74035 16
909666 11
309378 11
738709 15
6638 2
541689 3
150615 2
657721 9
608919 11
844299 9
678541 9
56281 2
675253 2
25684 10
566908 2
973606 7
39767 8
905355 9
986782 13
938615 5
144326 9
736864 7
103372 12
356985 12
5484 15
865665 7
225513 2
501366 12
987240 12
270800 6
64910 12
647864 3
814717 15
121742 5
939600 14
332181 2
856998 11
700873 16
895753 4
692768 10
40560 9
911360 2
520845 15
378101 8
431582 11
515265 13
623475 1
412516 3
989268 7
663119 10
111585 15
323591 9
843109 16
858829 7
235895 6
579097 16
326564 12
119129 8
711747 4
942765 12
331424 8
357952 9
626227 8
842194 10
548377 15
171176 9
860967 15
841762 5
922210 10
543790 16
435247 7
700350 5
303666 16
34619 9
213727 15
881988 12
327784 2
178174 15
545677 10
666816 10
442577 14
665868 13
448698 11
227440 1
54903 12
159271 10
282214 4
202031 15
496851 5
608369 13
459225 13
444810 1
665304 7
261956 5
20978 8
464027 4
949725 4
800077 3
6732 9
201731 4
54171 7
24028 6
549897 14
293925 6
468341 1
210399 6
682544 13
174054 3
970316 1
915584 16
800158 7
226543 12
519381 5
851674 4
114791 4
964749 15
381803 12
512547 9
39308 1
870707 10
395690 7
646554 9
148332 2
696657 1
857812 2
248969 11
28569 5
302182 2
913653 1
206402 5
483793 3
940444 2
790724 6
442342 10
130732 16
815651 7
734912 4
907856 9
360653 16
453362 11
819828 14
144255 5
587936 3
429778 13
392961 15
935325 5
140151 15
310154 1
970136 10
338161 3
907845 7
781205 10
579859 5
346495 1
449354 11
901672 4
890114 16
450832 11
482892 5
838614 7
238884 8
469596 16
471804 7
347273 13
66901 5
110161 14
51679 6
403722 16
155901 7
975179 7
163309 8
982138 2
580547 11
333306 8
846038 16
400986 5
493706 11
406941 12
436912 4
371275 9
980299 16
770834 5
76045 9
924795 11
238815 15
933808 10
306677 15
320571 14
688715 6
33864 5
181605 4
524965 16
902474 12
108856 6
516177 7
164729 11
147939 10
866640 12
377553 13
878936 8
908448 8
818280 2
331874 8
641000 7
896034 11
762036 13
778414 13
172819 3
820810 6
549388 7
366080 4
437742 12
87109 11
42011 16
720525 1
700248 8
931058 15
997653 9
915183 1
296190 11
291963 13
597938 11
208186 5
115072 15
117930 3
52868 14
74280 15
866539 3
745878 12
548015 10
794909 6
230306 8
645662 10
360519 2
908191 13
797942 4
456714 8
17308 11
340605 7
700048 5
194393 4
933182 5
797856 6
643559 2
380535 16
96643 7
562413 8
480944 7
883606 3
227758 9
994147 8
31792 14
3755 13
79170 12
260367 16
434983 14
826483 9
834876 2
120921 8
446252 11
48312 6
844937 10
834139 1
506111 6
946576 9
109319 13
997620 9
59703 3
977141 9
317016 5
591441 9
685007 6
355824 11
345228 10
850460 11
741268 9
79014 14
72690 8
202206 13
549238 1
288113 16
559715 3
20338 8
207850 1
317024 11
520249 9
651650 11
984011 16
903251 2
410125 11
22711 7
318516 15
452866 14
820446 6
651790 15
165967 8
896337 9
644226 10
908501 13
291933 3
936743 4
786248 6
136490 5
737788 11
322930 2
25947 15
441939 1
402103 12
420004 7
642482 6
488466 2
923362 10
986298 11
901522 9
114226 3
752319 6
235620 2
592249 15
405036 10
370652 11
342856 12
538328 11
164816 15
24767 16
839818 16
866267 13
957048 9
809949 3
331040 13
791408 6
860666 6
829654 16
290490 3
924310 5
777098 12
968193 1
380026 3
716794 14
989569 7
908255 13
864793 3
781218 2
143432 8
98395 4
432181 14
462651 15
450635 6
712528 2
910346 14
574635 12
51906 8
11100 15
587951 8
993247 14
857525 16
606413 3
719975 14
202118 9
871023 14
929788 16
778363 4
76852 16
25314 9
95146 7
133052 7
245798 1
485240 4
139990 11
250937 3
12097 9
87012 8
143635 2
237609 14
719759 8
352643 11
92066 8
935984 5
169464 11
779513 8
481161 3
747475 15
833649 5
825649 14
428134 15
298518 1
893213 4
106938 1
169588 8
549174 5
595879 1
574432 8
900841 3
495058 1
614356 12
2156 14
608625 16
244718 11
126467 6
982566 4
359794 14
58846 13
592418 10
169387 16
604999 15
78343 1
262423 15
598302 15
25756 3
738568 15
964573 14
157086 12
258737 13
559624 13
637232 16
712653 6
472389 6
114037 4
814654 6
838429 8
373755 11
551353 12
304398 8
60982 11
64556 6
184069 13
90828 16
708188 8
488139 14
168732 14
581478 8
687814 7
940324 14
771771 6
291242 13
445867 15
158864 2
891746 8
194038 7
741314 13
893032 14
611652 9
256318 13
196858 2
35027 13
130927 11
643921 4
268461 7
749590 11
652769 2
118388 13
16134 9
798571 1
460049 1
574839 11
456690 2
619087 9
599867 15
951410 7
828682 6
957535 13
817495 9
92057 6
929779 9
153974 11
272484 4
395882 4
267036 11
355378 10
801980 13
898359 14
963113 13
425825 9
952295 6
199509 3
724610 5
19211 10
442379 5
896166 13
924875 13
16025 9
209614 11
502560 15
556694 15
319445 2
625846 12
733558 11
997341 14
947476 4
584468 13
561761 9
312228 2
214671 14
543431 16
167495 14
143689 10
523744 15
929284 3
346178 14
3036 9
440558 12
752258 10
760496 1
484704 11
181582 4
908477 13
149531 7
305744 4
943224 5
172919 7
602882 6
348852 6
109104 3
123410 9
430756 4
701633 13
275086 15
579386 11
813434 9
310923 11
910383 10
597668 16
48966 4
575465 3
767264 16
464554 16
782400 13
924852 1
606544 12
914697 12
274672 1
659475 14
346249 16
453395 11
451472 3
45886 16
786676 6
422771 15
738567 11
487793 14
114725 4
346827 3
339772 2
359600 13
345533 2
377327 4
142457 15
798797 2
73313 6
342904 10
351789 9
80888 6
356407 3
740870 14
161617 10
568980 12
666128 12
295682 4
655111 10
907608 14
790437 3
277881 8
140015 5
762296 15
701437 11
310591 16
933893 6
922692 12
642846 11
12844 6
250459 14
762904 13
125942 10
156019 3
148350 2
10368 12
548434 11
766639 14
455831 14
935186 4
629448 15
786470 10
518139 6
274338 10
839469 3
374044 2
445540 16
138538 8
801871 16
882427 12
750913 7
628738 13
470591 13
611360 13
993419 4
696731 8
168690 9
635300 15
188584 8
750906 16
71903 14
430635 10
867864 8
352789 5
795051 9
824992 6
366752 7
521143 5
402994 7
719660 13
370575 13
908891 7
276669 16
116047 10
326796 7
758117 12
568554 15
355515 7
224807 2
409807 14
167960 15
645748 9
372077 15
640771 16
90167 12
555840 10
235098 13
632604 11
402082 8
480387 14
452935 4
888409 10
315458 12
562459 3
955578 9
229038 14
836687 5
489113 8
394073 3
866688 12
142829 9
500802 4
535150 3
212078 8
194784 14
343698 11
27853 11
346731 16
780062 8
491264 9
369174 4
799124 9
376868 1
814035 4
285096 11
752903 15
309440 5
968619 6
583716 10
462689 9
116387 11
930163 3
571620 7
161016 13
479490 7
716300 13
204862 1
747042 1
157296 7
16972 1
320059 16
431382 5
170128 12
951793 13
905683 10
590172 16
603126 7
405150 5
819647 14
842737 11
484764 16
915332 2
272911 10
296471 16
317609 2
620857 7
402654 9
895043 5
963422 9
992056 4
447215 8
99944 7
75477 5
717074 11
556024 8
979225 12
382224 13
164640 1
966155 16
544791 5
105879 3
231764 1
46021 13
919543 10
834003 16
443123 16
13735 15
229455 2
433043 11
121701 12
156351 9
564880 16
909460 3
51836 12
514050 7
319202 12
79214 5
467114 5
631687 13
417404 6
435562 11
369162 2
69034 4
174714 9
656961 14
928091 11
245922 11
161941 14
662555 12
599826 2
342119 4
390517 5
923578 15
144026 13
785649 5
811972 16
443671 4
986255 11
772782 5
84982 11
56189 12
773703 13
448621 4
362619 15
79793 2
700419 14
939897 5
242931 2
123122 9
675159 11
496634 13
426683 1
430331 3
919899 1
709689 13
845076 16
888026 12
343407 13
772728 13
884622 4
766732 16
400100 13
162366 6
846951 3
753045 5
745844 16
438718 9
914221 12
103902 11
756931 12
434401 13
690112 10
403550 15
378844 8
612813 8
658039 10
318564 5
189797 14
148978 2
778801 5
353331 1
823620 10
963145 13
583391 7
166120 1
454155 4
54323 6
449266 8
898035 13
274328 11
76361 4
471007 9
112135 12
823224 7
230155 11
232357 5
888401 8
777710 7
16124 3
152487 12
359773 9
38997 5
177428 7
935670 11
746142 8
869780 2
569267 8
146913 3
791675 8
29730 14
694147 2
366948 12
602922 11
213432 4
556145 8
543540 15
610000 8
253400 13
342538 15
18487 12
902356 16
587452 9
142591 3
534544 1
483642 16
425641 2
870785 10
340643 3
229616 3
855067 2
710593 16
132072 2
132195 11
269362 5
849989 10
789743 11
782101 8
91498 7
872865 3
770583 6
982135 7
58726 11
278425 10
505585 7
132686 8
556153 1
46638 9
252548 13
247440 15
470781 6
259493 5
536848 3
86 9
233946 14
371302 5
35775 9
686694 13
323719 5
668049 7
18558 6
807230 16
653412 8
801852 12
956273 6
693251 14
805862 13
531985 13
159617 4
156603 7
952233 15
836118 4
935412 11
121505 3
707012 12
843341 5
425409 2
632215 11
43596 13
224948 13
316566 5
258361 8
955719 10
225632 16
401750 8
792530 1
244041 4
243703 7
215213 7
177395 16
552848 16
17517 2
975407 4
242927 10
693162 4
853486 3
767137 12
878383 6
943958 5
414069 14
413418 10
49695 2
15508 7
692590 14
395470 11
413680 7
601199 1
202916 5
544937 2
239206 10
135618 6
730853 3
493395 4
997078 3
895726 7
954732 12
993971 14
834891 1
205927 10
681293 7
630431 11
237151 4
504333 16
565153 16
430285 6
689644 14
544564 14
919612 2
492798 12
461627 13
301371 14
204610 5
892537 7
990010 14
310729 10
114480 9
695248 13
464918 12
404344 4
221367 13
219640 6
367098 12
693607 5
893659 5
15280 2
332347 1
589632 12
420626 7
116783 8
313780 1
452703 2
14558 3
953055 16
181624 3
576836 4
362715 10
588069 12
156939 14
575315 6
123068 9
565458 15
65118 15
206205 15
828868 10
925156 8
136950 10
522819 15
18527 1
477718 16
576811 4
898052 9
391934 9
395876 13
35319 5
543977 1
584690 11
714169 8
267215 11
863173 4
61833 10
858969 8
741440 2
549369 10
98087 3
853876 2
19702 16
267380 16
204091 8
858376 10
880714 9
293071 10
133604 14
147297 10
756688 9
831723 4
157261 5
341791 7
350609 15
39612 11
232189 7
555600 10
127501 10
120920 12
125048 2
194637 11
805579 2
647143 12
698996 13
332491 12
523812 15
879489 7
840733 13
286015 7
798697 10
300440 8
4894 9
542153 12
128592 5
973972 4
807513 11
470542 15
917800 11
588586 5
440201 1
924706 5
594452 9
158136 9
227713 2
730316 5
695997 8
685746 13
671002 16
208463 7
933057 2
733707 1
280464 2
939730 11
588273 8
60353 5
907327 5
405635 7
347546 13
617992 15
656094 10
901774 8
36847 6
189827 3
52472 4
181016 12
855613 12
421743 16
951141 16
816466 1
152806 6
583368 13
763220 13
18213 16
199527 14
859209 8
558297 5
586429 13
59060 4
116421 5
542881 14
224299 6
613679 13
513711 9
752706 9
970772 3
65941 7
929212 14
8861 1
175228 9
496912 1
635303 1
638288 7
251670 1
927554 2
855417 13
619400 1
696975 10
515587 6
351919 7
862857 3
330653 9
663195 13
824606 6
419072 16
684527 9
60866 7
296305 6
955251 1
975732 5
270806 4
873193 10
311667 15
930865 6
648915 10
754188 15
332781 11
27009 1
425673 12
791251 15
899068 12
323573 10
949322 6
201272 11
657567 11
331183 15
251779 12
901368 7
833650 2
328144 16
815673 5
263173 6
418129 15
628933 1
542720 9
285547 8
779709 1
313568 1
657616 6
793741 7
292948 11
355910 13
86631 5
461306 10
623271 1
780741 13
639868 8
63239 13
68169 12
311771 16
563112 12
658272 11
502338 12
772217 15
259230 11
862931 11
981211 8
831010 9
160154 8
93407 10
120095 13
204741 13
271261 5
461263 3
960169 3
424083 9
747328 1
13293 15
233787 1
173703 11
487066 5
942835 12
121974 11
794776 10
922794 5
279141 15
774757 1
947960 2
546211 13
108192 7
16226 3
965517 14
211456 14
573667 5
319445 10
245862 8
134012 8
914140 13
960493 12
509277 7
569301 7
884693 15
732148 2
343698 6
583383 12
390217 6
992708 15
695277 7
112171 3
602577 11
106529 10
385741 12
451182 10
929659 3
352453 1
914253 5
387309 15
378474 14
850142 3
267487 5
25149 10
278774 4
300455 8
424916 13
714830 4
226421 5
275728 4
714830 6
815373 7
741721 4
56153 6
990331 9
826270 4
496544 16
103255 6
906070 16
781394 10
81312 2
205529 4
141 1
191526 3
799341 7
256223 4
455639 2
36735 8
972932 2
415799 2
94520 10
703910 16
161912 5
942654 12
265392 14
339879 11
200718 11
884481 5
630026 16
256420 6
49229 6
115457 15
777153 9
11005 12
356057 16
993560 14
319781 10
68994 6
101178 3
115703 11
943864 12
796880 8
782848 11
492184 8
11964 4
728166 2
361304 2
495264 12
109373 15
514260 2
358661 15
367887 16
327786 9
645821 14
746506 6
601788 16
59537 11
402228 14
390741 8
950333 3
11329 2
703885 5
116819 11
379390 1
506078 16
571390 9
811633 12
244494 6
986436 10
75795 12
697070 6
125963 16
463265 15
152374 7
544656 3
246472 4
919227 13
666452 7
788306 14
529826 12
121807 4
932004 12
258877 3
66776 6
119724 10
876951 11
362360 2
982032 8
237320 6
243964 11
832380 10
164021 10
659900 3
307377 11
523196 11
665447 10
426325 2
612090 9
356003 15
853425 12
709488 14
906182 2
352963 14
569541 7
569811 9
666735 8
499287 12
288004 9
839259 14
223535 9
637408 16
311169 1
533161 4
389698 6
669751 12
842497 2
327639 12
694753 12
153074 16
344559 8
694459 12
294309 5
337088 14
351657 1
487527 10
280960 9
384132 8
853172 5
362632 12
689571 9
227878 2
189149 3
190208 15
285530 7
99287 8
838424 16
601056 11
732725 13
975353 2
357723 3
133958 12
1183 3
934392 2
954407 13
346477 2
681080 3
77615 14
419457 14
891496 15
260166 8
284797 8
727776 3
525330 16
739368 1
7763 14
847939 12
212366 5
621011 3
793050 8
658487 1
260254 6
674259 6
188376 2
334550 15
412818 1
643928 10
721429 15
307832 12
572297 4
695213 6
609065 12
941390 14
144503 12
675723 5
545934 15
254723 3
47397 5
571276 10
648698 4
605772 16
337193 1
91230 10
876490 14
432736 14
834974 3
419336 7
779820 7
47282 15
857378 4
516875 15
302925 2
94909 5
998975 3
58200 4
63946 8
942229 14
829029 6
299277 2
655020 5
489598 15
523875 6
686950 7
483847 3
445073 3
939793 10
65553 6
794209 10
156099 4
90200 9
340993 13
275875 11
333122 13
205426 12
661938 4
244580 16
234753 8
305581 13
79274 15
809908 4
710472 3
774580 4
455942 8
245201 1
783173 3
157257 14
499830 5
149578 14
398604 11
627520 4
576127 7
909948 16
880956 1
476815 12
645251 7
88911 6
459741 5
277287 14
921283 8
184128 1
822766 5
44242 7
878199 5
283840 1
823830 6
84504 13
653901 9
890943 10
148676 13
204283 2
398230 2
546933 3
358643 16
134156 8
33501 7
334381 6
418694 4
313864 6
346542 8
955476 4
728536 7
534282 11
948638 4
365681 3
453087 16
170609 2
851729 4
332159 13
463502 11
87464 16
905559 7
427647 16
557316 1
307423 7
905149 10
501315 4
641233 11
751622 3
46968 8
29648 11
881393 14
954816 15
836975 7
154525 2
940993 16
804802 15
609437 1
512782 4
136542 9
725566 2
512120 7
615399 1
71737 10
132210 7
110211 6
226383 12
112254 7
797221 12
199879 13
636981 6
894543 13
501309 10
276191 11
417031 4
135816 11
131844 9
185951 16
809305 6
143280 13
71018 9
639116 12
185875 9
79151 10
568870 8
904632 1
115905 16
538362 11
933816 8
667769 4
826844 6
814400 13
459734 2
428473 5
512100 15
191912 2
248402 12
922389 14
60660 13
264055 13
202279 1
736753 14
993270 12
718045 7
871410 10
7575 16
310786 15
114620 6
43077 13
945231 1
389791 3
52963 5
303627 15
341223 5
990274 12
975189 1
495477 12
32000 14
143155 11
494232 9
346235 1
982815 16
685542 15
32504 3
536226 6
666241 2
956249 12
444309 14
167513 12
654919 9
522073 3
586517 3
389040 16
629070 4
846729 2
735882 16
551739 9
939724 15
700087 2
69027 6
177181 13
560366 8
885473 6
961443 11
522030 13
744979 6
324479 12
876173 7
987647 7
475780 11
212294 2
547004 8
469591 14
627817 12
497860 6
483958 13
283685 12
294367 14
40381 2
511758 8
454054 4
22416 2
949878 16
939571 10
362820 16
626526 9
494559 12
307679 8
683813 9
69678 16
241288 13
982288 4
374860 15
263540 13
419940 14
956938 7
72434 8
295116 10
5558 12
53426 6
953055 13
427598 12
917802 2
226945 5
151205 4
545784 14
556656 12
788709 5
160222 8
220861 11
895109 4
566947 10
613363 8
513469 4
242003 6
195111 12
21250 8
309542 15
281381 10
664957 16
244528 5
80394 15
350855 11
538604 4
443004 6
387163 9
242287 3
788773 6
795803 5
903252 5
491586 13
294440 15
805852 1
978706 6
608384 8
924534 5
376381 4
954632 10
878808 10
663590 14
474781 16
928519 1
986553 13
55940 16
36823 1
678788 1
976210 13
510250 3
721653 15
218708 14
180087 8
84375 2
29913 6
308062 8
454616 8
149123 12
117020 16
496137 14
376840 16
920570 11
18466 4
867166 7
898951 13
98763 13
22673 3
730364 9
781331 12
311423 8
333610 3
751746 8
842645 6
505353 11
238793 3
686231 1
977568 3
68300 6
908065 2
932747 16
365859 9
634942 11
97238 1
216477 16
752832 6
82230 10
262558 10
212802 12
372893 10
401833 2
702383 9
161747 7
812477 3
941491 16
107888 5
150775 4
576882 13
3817 15
367852 6
637507 12
654041 6
640708 15
972763 4
440536 15
570233 10
839069 6
905634 8
216919 4
60954 5
868707 7
922510 9
275763 13
150290 6
625626 8
347330 3
113120 8
374446 14
823867 6
34261 2
221243 2
864350 13
669064 13
483739 13
177199 8
500321 14
311861 15
652588 4
716837 15
150107 4
76836 8
24355 11
207270 5
769835 7
250361 1
336738 13
821754 14
765666 1
365770 12
923452 6
661484 6
278190 9
994173 14
83 3
971481 16
699401 4
932578 16
74873 5
842208 14
89182 1
423597 5
141231 1
729800 7
699535 1
275086 8
858615 4
774716 4
739796 10
255762 10
695493 11
493635 8
502743 9
767871 9
166590 8
856290 9
570519 14
531245 4
416719 15
546180 16
966382 7
511315 15
449159 1
478721 7
356691 10
66852 14
474027 4
795225 16
534734 10
217912 7
16664 9
801257 6
560973 9
307554 2
127254 5
520810 14
462309 16
965670 7
958681 2
418413 2
318699 5
504147 15
21025 6
578527 14
744634 11
501529 1
495051 15
837126 12
453964 8
885621 4
714605 16
474783 9
836392 5
541112 11
662109 8
402164 13
456897 13
904075 5
700101 15
55820 8
826766 13
654763 15
45518 1
758474 1
508917 4
798223 2
925021 7
914271 13
152757 2
3571 14
38201 8
133017 12
335114 3
786761 8
485043 6
740608 3
962692 6
652698 2
392357 9
474054 5
428957 10
343923 14
117752 3
276930 15
519651 6
497554 7
637245 1
733390 2
379926 13
35848 14
266817 3
889612 3
913676 2
66278 12
408219 11
343074 5
926748 12
475570 10
963601 14
364289 13
371926 14
298170 12
53832 6
472072 13
415809 1
419227 7
515565 1
196582 16
426792 7
892909 16
428815 12
350448 11
220017 12
773706 10
36463 2
472079 8
556947 9
180865 4
503994 6
297905 1
33373 10
858550 11
328921 15
118579 11
260860 6
957508 13
623833 11
757013 9
978392 8
692547 5
688228 7
85988 5
527436 5
147160 11
929059 13
373366 8
700085 1
863965 6
456361 5
38836 10
329755 13
204301 12
277327 10
870067 14
760489 12
590094 13
923878 16
149845 1
814947 5
328656 9
109710 7
345906 1
309112 6
750465 7
828369 11
972830 2
314509 15
137546 8
1017 12
758613 6
143986 4
314466 5
439697 2
804327 7
457016 11
603821 3
300398 16
529497 12
956507 10
548992 2
642822 11
209479 6
304484 9
358253 14
1957 14
828479 14
539686 9
61625 15
477838 12
321198 3
323844 12
815323 11
695664 15
960070 9
358841 2
263444 1
330345 3
543689 16
377360 14
951886 16
148845 6
699569 1
983788 16
949740 6
792258 3
319758 9
445401 2
750289 4
649167 5
954611 6
453166 1
376943 14
274131 3
528791 12
668425 2
682440 16
62115 12
529262 10
458693 3
831062 10
396185 4
809461 6
61413 2
237810 6
508453 16
74253 10
579311 3
66486 13
911914 2
661279 9
959491 12
73345 15
258669 16
968343 14
312656 10
192740 9
922522 15
253255 3
386600 15
556099 14
292977 4
540478 7
884851 7
210568 11
696782 11
603829 10
149778 5
300092 1
852267 7
704412 6
234284 3
224401 5
641577 15
336055 3
332474 4
672893 12
8833 4
686616 11
539887 6
512562 15
702591 10
584275 16
309965 14
118126 1
858912 8
870138 1
46776 9
734318 1
716552 7
941642 16
337909 1
137701 3
875288 9
245842 9
922162 13
876615 9
811813 2
87924 12
799442 6
241584 13
511905 16
950810 6
636531 12
573987 10
394699 2
224349 11
151438 10
502763 11
244630 3
207775 8
385601 4
29282 4
320452 16
102469 9
540926 7
779678 12
632628 16
969066 12
547678 16
582502 14
547954 12
155158 14
913025 1
922776 8
783456 5
79291 6
545619 6
258957 3
680014 11
893435 5
639389 13
245003 12
303236 1
716714 15
661536 15
831404 12
231504 14
46631 6
768949 14
456394 3
523847 2
411966 14
525144 3
719216 14
913102 3
724122 9
878595 16
310181 5
551621 12
925037 1
482029 14
889210 1
489901 10
529922 1
605507 4
604765 7
695090 15
61761 6
995726 7
98234 12
919955 14
64952 14
515905 1
761434 12
634181 2
881212 5
488115 7
828922 14
453897 14
968829 12
267444 1
596443 12
12609 5
229847 11
468005 9
372891 1
829541 9
983919 2
546697 12
301640 9
300180 5
137139 4
322948 12
394157 8
509938 12
319017 12
585850 9
511972 12
646663 16
255011 5
215860 5
293091 9
782092 13
868615 2
229116 8
987325 4
344950 9
214757 14
251419 8
47050 1
822971 4
797958 4
167462 6
826208 12
655836 8
931068 11
333851 4
11364 16
59034 14
74287 6
426877 9
409524 10
400463 2
321437 11
488425 6
56671 1
681085 11
554925 3
463601 16
355643 13
872320 12
606002 4
3754 5
6544 16
418572 6
25287 13
585225 5
405754 10
951488 7
642432 14
690879 1
504573 13
761188 5
690837 12
343079 6
940002 5
538454 11
215294 9
491294 12
261019 2
158145 9
341257 8
68363 13
178209 1
924996 6
499766 5
534812 16
386652 11
825391 12
185773 3
106391 2
838040 10
247813 13
65295 12
272122 2
175854 6
160737 10
129548 7
904188 1
833898 15
242594 4
829758 7
688404 4
403183 13
64117 9
258616 8
671632 9
700440 11
726919 1
894869 16
304982 12
94513 11
84349 6
637713 7
948115 5
617881 3
806988 2
829900 4
619917 1
878426 15
506297 16
50512 5
68418 16
454012 7
746686 13
96240 4
227435 11
909993 14
30817 13
285808 13
949625 11
88609 15
575160 2
94095 5
865166 8
916432 4
361420 15
226172 11
776711 2
674464 9
599482 1
303142 7
839986 14
688079 4
788680 16
144121 1
408929 10
542339 13
568861 15
441332 11
272426 16
965038 11
749705 6
407159 8
669695 7
264558 15
336340 2
520934 2
308543 1
724832 3
707325 7
719845 1
797908 15
106716 14
629064 16
398868 8
317224 2
213323 7
985122 10
345751 12
72515 2
163705 6
481906 4
126752 2
304349 10
519406 15
239581 12
577877 13
93872 11
998307 7
723750 11
141636 2
463563 11
206729 7
983624 15
188235 7
529969 5
951885 5
924779 13
336365 12
189461 12
314636 13
367236 10
965051 10
221156 15
770427 6
169349 14
555371 9
808498 2
730167 12
759546 13
250299 5
704116 8
439236 10
261846 14
914477 10
457138 9
716105 14
503083 9
525806 2
103820 12
61767 15
858186 11
604811 3
219443 5
834226 13
140061 5
885051 4
820912 9
837076 12
29551 8
26431 3
290000 7
460470 2
484818 1
876786 3
709084 12
191730 11
977065 10
259717 10
651533 15
195244 2
23486 14
357350 2
122011 12
366997 9
233755 9
255702 2
381694 1
499029 3
441287 10
123997 3
732368 6
719437 10
490652 16
898764 2
411177 5
217601 3
863726 9
614109 6
482371 6
341729 9
816316 1
348845 15
708850 12
318309 2
777421 4
457963 15
596609 14
763272 7
630404 16
609915 13
554278 1
99725 10
820518 2
835383 1
368933 3
582294 3
352423 7
674597 1
87546 11
432633 2
304908 4
593412 14
695920 6
394125 7
793468 7
15461 5
692876 4
679093 9
285454 1
893469 3
222362 11
171044 6
218442 1
108331 5
397567 9
657212 15
506998 14
538522 5
777621 6
720430 9
849361 10
32421 12
536941 1
963087 15
335104 10
375168 11
630026 12
110971 10
20760 2
573826 14
840384 2
194705 13
216383 9
293558 7
453518 13
236409 16
647883 12
50775 3
82630 10
831721 16
599947 15
210662 5
167172 8
351681 7
451787 5
394534 1
228398 1
259632 8
533871 11
418237 4
388836 8
780136 12
882343 5
367425 9
238385 9
799360 1
65934 1
348083 12
83552 9
221222 14
270046 15
39475 9
980098 4
973426 11
708452 1
247624 14
43749 10
268730 13
211144 11
214974 3
350900 11
554420 1
715079 12
502014 14
829803 5
372318 11
537033 1
125764 8
190457 6
350839 10
262580 13
60411 3
257601 14
517818 9
567365 2
741221 12
628967 16
576710 4
700007 2
304875 15
57934 16
329561 2
132419 4
4267 7
267953 14
716228 15
553796 9
330015 12
781474 2
912562 14
959429 6
878631 14
506493 15
985340 4
579988 16
913222 13
443767 5
152893 7
368303 12
673419 1
660671 10
432283 13
922659 13
320778 16
612007 9
556998 5
512551 10
135797 4
656058 7
407347 8
980101 11
322737 11
372311 13
603837 12
77363 16
475522 8
725833 3
583520 12
289861 15
21654 5
576348 9
126272 12
983659 9
482750 8
818949 2
733034 4
859934 9
729919 5
200039 16
57204 10
470727 16
848012 8
683907 8
332717 14
726606 5
658110 1
437954 11
392377 2
902851 11
350618 3
156715 9
706920 10
765110 1
540927 11
93000 4
599937 13
143993 9
364269 10
394453 8
97708 12
842529 4
688698 5
931619 4
1596 16
662352 4
469149 16
826619 11
848150 15
313857 12
73191 5
494015 14
416240 15
322077 2
165902 12
200919 1
950962 15
68652 6
753589 2
431180 16
249301 5
208477 2
276332 1
926818 13
342903 14
513934 14
802849 1
747661 6
831755 8
502603 15
406100 12
508935 5
264431 6
567617 1
565780 1
836825 13
733624 16
371978 16
184 3
83838 8
659860 7
65917 11
93721 3
235414 2
773901 10
880267 3
226346 2
571144 11
110489 1
546453 9
485313 7
167952 10
113918 5
511946 13
847793 7
646902 12
306454 12
745608 8
502966 6
544949 4
533277 3
857740 15
875783 2
238629 11
255394 3
233740 7
231191 4
660480 16
570209 15
748935 3
419443 9
238241 15
860275 2
685751 16
812995 4
864770 9
829680 13
609604 13
869685 8
971742 15
717071 11
903146 13
636498 1
634868 15
522078 15
562054 7
718033 3
764799 13
606869 6
734553 7
975818 4
321368 5
751680 6
431547 7
421613 2
855371 11
286964 14
365047 14
739853 10
372208 4
985610 9
724464 14
447381 3
439603 1
6964 14
70980 11
294866 12
180413 16
587013 3
365451 16
726203 12
380322 5
258288 3
90408 8
212524 8
963723 1
496208 2
674266 8
937375 8
777423 11
840116 1
821960 15
608455 2
306629 11
360064 12
667485 6
715148 4
818878 9
69471 7
72509 4
79950 11
681270 16
685637 6
865085 12
942795 15
659454 6
964670 13
465275 12
920008 11
883144 16
970331 15
427463 6
531203 4
486138 14
142222 6
894501 12
842372 9
833017 10
569969 1
586805 6
358082 15
543779 9
714664 11
864171 12
774812 7
499216 11
491404 2
395321 9
518309 5
377298 4
229671 7
445888 10
758417 8
926208 3
756335 13
464947 8
358335 15
337410 13
524513 6
129413 12
291812 3
943244 10
844333 15
420341 9
185297 15
361382 5
984793 1
10813 15
6920 4
39707 9
998460 4
588067 8
98394 11
884635 3
904901 11
521208 5
697704 6
102291 9
628591 4
824028 14
315976 1
35902 12
347330 2
807889 9
201395 11
33152 1
956460 3
958477 3
404076 5
553726 13
572189 15
687867 7
807111 7
479133 12
853521 11
82514 13
163460 3
973170 6
252326 14
517042 9
352484 5
329634 6
979560 1
644468 10
798084 4
768151 4
209054 1
442716 11
588963 2
510252 10
879452 4
195436 11
182669 7
444838 9
587835 4
789181 5
41783 7
197786 4
496033 15
523433 5
341947 16
241562 5
767384 3
499292 15
689014 3
527112 4
992633 1
936384 6
236273 9
498655 3
379813 13
557879 12
815917 9
349025 16
515231 14
655466 6
131010 9
925235 16
937415 12
278802 7
832631 4
66958 16
42593 11
861528 4
591667 5
472598 13
420030 6
809317 6
353992 5
949338 16
159902 8
547816 13
505549 10
786361 10
345005 3
947627 11
607533 10
712120 11
853689 10
471437 16
860751 1
630856 15
248433 1
214947 9
695202 11
276912 2
449836 15
462858 5
717295 1
901935 5
806411 12
296782 8
669927 3
932071 8
415508 14
949854 15
406325 1
664451 3
851236 16
854852 5
165696 2
246406 4
805220 6
87308 11
717273 6
597489 8
728006 10
24184 8
562091 16
312875 12
908600 16
768982 15
335800 9
577364 14
314804 16
422178 9
778506 3
745803 5
448704 12
982481 13
475948 4
686098 6
294939 16
790183 11
286554 15
921421 15
41417 4
62195 11
241913 11
469418 13
742186 9
882691 1
976674 10
896181 5
78771 15
598658 10
592660 14
329920 3
997454 7
524818 10
601363 8
385050 8
