4967
168002 3
985488 6
752206 14
113590 8
455689 2
14684 9
711555 8
143028 4
260171 10
675784 16
314302 10
607243 7
3690 6
32108 13
778778 15
447803 4
383398 7
24761 14
715878 7
303589 8
552242 7
45862 5
123114 8
513863 13
834315 1
770279 16
274883 9
463067 6
860436 16
474528 1
584236 3
595206 6
6908 12
86136 5
912601 11
567252 5
885531 12
885824 2
45956 14
863326 12
669827 1
205152 5
431539 13
209694 13
172369 12
141971 14
534351 14
414639 7
133650 12
783845 4
113083 10
873232 2
963721 5
808275 14
146663 10
337774 6
175652 13
456615 15
313593 9
46797 2
643538 4
560468 10
315142 16
157966 12
717957 10
104615 8
421648 4
573190 3
731602 1
502178 3
822512 1
370777 13
891413 16
248197 10
258259 5
728193 11
352468 9
853482 15
664558 2
338696 3
366038 3
970541 8
742966 15
436287 12
270611 3
447659 3
347497 3
581020 10
907910 12
835995 12
18548 1
644470 3
157676 6
987989 11
556773 3
560872 16
983481 3
276004 10
508482 2
885618 5
180760 16
959643 12
663988 4
964833 6
521243 12
832085 3
713797 6
828933 13
258613 4
557906 16
741690 3
856095 6
50732 14
497687 10
915083 5
397019 2
766539 9
374276 9
522917 14
184866 10
195778 7
900789 13
335890 10
571352 6
508607 15
837661 6
224339 11
154091 16
186255 10
913188 10
431019 5
537356 14
853400 6
460507 4
810521 8
964471 12
954470 13
804990 5
835221 7
904767 4
531442 1
439549 3
340997 10
986250 16
183180 15
824023 13
748469 4
544662 1
759807 14
711265 13
423420 10
410068 7
301215 11
93780 14
92612 9
312099 8
213417 7
860833 5
891267 14
747164 10
508551 15
716430 10
556433 11
521667 10
334751 10
875995 9
984950 16
258528 13
834141 12
903063 2
328049 3
312330 5
232676 7
165615 11
604755 4
591028 11
632851 9
98521 16
51045 12
413421 14
648367 10
176606 15
958012 8
803534 7
124938 9
71895 2
713971 13
357430 10
246281 5
864449 11
681328 2
606959 5
529570 14
470149 4
922685 2
130138 5
805110 13
805802 10
517577 14
674546 14
598991 2
430745 8
222917 12
192728 1
577381 16
93209 12
712092 2
17886 5
663665 1
908204 12
360485 10
129488 9
868197 9
923782 3
535104 5
138377 14
213331 8
476731 16
869197 15
189741 13
442535 5
214873 5
142692 1
348951 16
322870 7
863874 13
370328 15
678390 11
224336 15
583435 4
884795 7
946435 7
182121 12
559245 2
226920 9
565208 11
101966 9
990468 1
522247 8
559993 14
323441 5
366443 14
137897 4
392050 7
832672 7
117851 7
326181 16
19681 15
380592 13
643491 5
584566 7
331869 5
92185 8
829587 6
296447 12
576986 3
216214 8
182352 9
555322 8
696585 5
944848 6
413215 14
987494 3
433561 11
56492 14
922492 14
296491 15
656331 7
66156 5
605389 3
613203 12
17318 1
683684 16
677033 5
351750 10
137257 3
635777 6
573781 16
102641 9
283705 9
451206 9
26406 3
669814 10
820633 5
986433 8
919928 15
326044 16
187575 5
84729 5
808383 11
670874 13
487472 3
908607 2
166735 2
737612 13
560327 9
549848 4
3677 4
653836 5
796014 1
744972 7
402536 6
99906 10
162719 5
476169 2
560450 9
664316 8
836722 14
176572 12
553893 11
752011 1
136859 8
285102 14
802835 3
795662 8
163575 2
962461 2
335868 9
566390 7
697662 8
884244 14
781440 16
184325 11
541560 13
269563 4
627575 12
589733 10
701441 13
584596 10
401465 3
477040 15
298543 14
21197 8
148033 8
176988 12
42617 13
589727 3
111330 15
187654 5
834299 16
918904 7
718721 11
755720 12
4641 15
310422 2
709326 8
832061 8
37268 3
650087 11
416563 15
737837 7
83736 1
442128 6
599714 9
450577 10
566404 9
46860 14
395466 8
789693 14
994793 7
627311 8
166526 6
937262 2
983093 3
433526 8
118813 15
770282 7
16513 7
553556 11
60620 4
231387 14
97414 14
174022 6
803533 2
271704 14
702181 15
578653 12
244808 5
417707 14
221581 1
494244 15
896072 10
849521 16
372340 3
335671 1
525886 16
797980 10
254868 5
774291 12
639334 14
969687 12
491933 10
890727 2
772906 5
359706 6
939399 15
277647 4
353796 2
924312 10
359883 8
712530 4
326926 6
64762 3
536216 3
448239 1
303114 5
616168 12
483596 8
180293 6
639775 13
500836 14
76427 15
450133 15
596217 1
362403 2
832661 10
728135 14
234697 9
567781 9
324272 12
685171 5
510796 8
901883 13
925232 13
177896 12
901853 11
508420 11
51751 7
966871 2
440497 4
826151 8
604038 1
1935 11
594804 10
501808 9
290282 14
122040 8
109469 15
342658 16
104863 8
986117 14
591305 3
651517 14
15690 4
155274 13
229513 12
684216 11
158602 6
710283 2
306910 15
124599 1
172596 4
254343 12
466513 5
205511 10
632106 4
965879 14
840392 4
719327 6
576974 11
773598 16
600572 1
495929 15
916460 4
866609 4
851611 13
215793 7
204107 6
898904 4
440766 7
800593 9
563228 7
986464 6
459528 12
880199 15
634903 13
812606 7
167687 7
205658 3
93339 7
356806 15
637175 10
387638 1
946054 7
349839 15
755123 7
927701 8
753905 15
279365 13
31200 16
903488 14
359974 13
336458 6
552911 2
823710 2
767758 7
494764 12
368323 12
174081 9
886734 14
398282 6
608089 9
433448 4
278970 14
94590 6
348044 9
862648 16
115142 12
172497 16
631288 13
622050 2
976394 5
723722 15
958114 4
203780 13
320434 5
390119 5
481985 15
10651 11
151147 5
335934 6
888044 11
244398 5
212316 3
991957 13
661817 3
336995 3
844165 16
904858 12
153537 12
233417 4
959956 10
305239 8
55929 2
983964 11
144400 16
49367 2
597789 8
679514 13
817599 11
855800 7
841637 7
861977 15
360459 11
286830 3
664101 16
609330 1
964207 12
403533 7
134809 6
433671 4
725411 10
421335 16
487862 4
446634 12
182194 11
243961 1
90825 16
519593 10
926798 3
777691 10
507396 5
153702 5
29205 13
789301 8
698664 3
553396 7
636506 6
493127 11
671972 12
40301 13
247087 6
824744 2
776314 14
844532 11
743938 2
314077 8
500805 15
527845 15
647972 3
955527 6
14120 12
768202 3
649344 1
866098 16
915488 8
110977 15
304868 14
856092 3
882623 9
315906 14
238118 1
708681 8
524047 6
847872 13
594686 2
704678 15
674307 11
228026 2
786901 10
468029 3
363874 8
323299 15
254924 2
925163 16
472482 10
79043 2
262859 16
131448 4
325440 15
390477 8
283540 3
454704 7
765081 7
503353 13
584416 1
782121 10
909731 13
247665 15
690530 15
704366 11
753599 3
484200 7
257443 11
110439 2
341331 12
310301 8
424444 3
245729 8
285438 4
185381 9
825013 13
263994 5
92969 11
986501 7
704066 6
61816 12
968200 12
859852 8
240576 15
159271 9
778876 1
592879 16
570581 5
346977 8
587720 16
192097 11
386679 1
396522 16
838436 13
380840 11
92681 12
43832 2
712118 6
708554 3
701698 16
265286 10
190925 16
939320 12
511258 4
511800 7
62953 3
869629 2
117411 9
470485 9
821974 14
606025 9
731450 6
929534 7
749819 2
772708 2
648348 16
577122 2
760705 13
626541 5
682431 6
414405 6
887717 6
369866 16
945990 11
439764 14
890962 12
322639 10
84906 15
369434 11
370636 15
495548 3
153318 8
121539 10
802743 12
809913 7
336356 11
645288 3
983147 4
782696 13
304643 1
509959 5
795854 11
193745 13
146895 2
255450 6
819876 1
181502 7
663419 8
542802 14
178773 13
859096 7
971636 5
186978 8
679341 13
664253 1
350021 4
861593 7
313002 13
854843 5
427341 13
162587 13
963975 16
205054 13
56814 15
561628 13
663593 14
643388 1
237069 8
133906 16
16450 14
302881 11
255811 14
70561 10
454517 15
127033 7
97102 14
238259 5
42978 10
278842 2
628329 1
869128 7
457880 2
475279 4
43551 10
415012 4
854433 16
957379 3
237573 15
996001 1
804897 8
877703 6
176795 12
864452 11
734913 10
325333 1
187171 14
239744 5
548370 13
311883 14
563487 13
690429 5
954363 7
296197 6
701750 9
510855 5
798548 16
766142 10
598275 6
259305 5
321468 9
377329 3
828592 1
204382 4
849968 10
33920 12
178800 2
519554 6
433785 8
972010 2
90454 16
710180 4
824001 13
739995 12
398897 10
268860 4
635787 6
984707 2
505933 8
890029 3
898660 9
365275 4
779060 16
672565 1
306021 11
355975 10
884763 13
143288 10
565208 2
541740 8
781487 8
892756 15
352940 14
945684 16
577492 1
181762 2
437432 4
980092 4
400820 13
432385 15
631666 15
613666 1
398301 3
983503 7
213746 12
31014 13
508672 15
173798 2
437692 1
962846 12
525665 16
260931 13
234146 8
193797 12
208208 2
751545 12
233914 6
51403 9
790978 6
228144 12
377918 1
216669 5
665147 1
998219 13
718704 13
257972 16
909333 4
495141 2
903702 9
438423 9
57488 9
365794 9
688919 1
846281 11
63355 5
830169 6
646291 15
236285 7
939335 2
356364 13
23655 1
882831 12
734874 7
105321 10
724006 14
97225 5
554610 10
776923 15
920231 15
336529 8
870414 13
352334 10
5858 7
984025 10
676345 8
634200 12
696662 11
911645 14
754908 15
433644 2
380791 9
748586 5
49020 16
287409 14
390708 4
640925 4
939295 8
482741 7
758425 15
391928 1
46333 6
482269 5
901168 1
105967 16
231108 15
338795 13
642741 3
789123 14
68325 10
672585 6
234288 13
90675 1
711659 13
908155 15
809616 9
461170 10
800780 2
648963 12
122188 6
330358 13
302874 10
546581 16
89788 5
102802 2
227453 3
726255 2
487289 10
480886 13
356987 2
457069 14
735324 15
353456 10
1636 9
425289 14
130819 1
886309 1
502936 4
742405 2
250381 1
723878 7
402314 1
450691 16
507579 2
218629 3
893345 9
443284 4
272274 7
981386 7
518481 13
344754 12
567831 12
899657 12
501238 7
446491 10
968686 5
524018 4
593608 8
512518 5
426792 8
154561 1
940140 13
904650 8
554870 2
660780 5
57669 3
395171 5
852506 10
762729 11
92258 3
575297 1
842471 14
579541 12
780630 11
800084 1
224622 9
71189 5
187501 5
824717 7
698772 1
512473 11
325516 2
582235 9
860425 2
887878 13
845558 5
423437 16
747685 5
774201 8
788579 6
397509 3
117210 14
968231 6
136747 6
996294 3
563255 12
836620 15
328471 9
432503 7
211017 14
623092 2
796738 8
924521 11
797910 4
737373 4
271694 8
311307 10
434533 10
695607 11
177213 14
63023 14
423016 11
655583 9
364465 12
451029 3
795656 16
404167 12
402553 6
860675 8
5952 10
744234 5
523619 7
789477 16
314822 12
192526 5
400016 15
266114 15
382603 14
512957 8
890418 15
194366 8
618615 14
913172 14
123171 4
293431 9
662405 13
531643 14
396903 1
163109 2
224883 10
874488 2
313007 7
556110 1
183765 1
348533 12
166776 3
761988 15
175662 12
704984 1
167973 2
35617 2
638037 1
963704 11
170752 11
619081 1
125977 8
339396 13
982944 7
728800 3
774110 11
557626 2
580195 16
310562 10
206308 3
98857 6
238797 1
332894 10
992289 4
57642 7
749245 6
776532 5
176115 1
537683 6
854117 15
646082 16
810661 6
581708 9
872005 11
437400 8
3269 8
838136 8
653770 8
732555 7
203753 16
819699 2
650691 7
670040 4
624700 1
945004 6
116578 4
108494 15
745570 8
640617 3
829909 15
33137 9
968106 4
649593 5
693790 16
583240 10
915338 12
226998 1
286891 13
404645 7
114673 13
487883 5
107583 14
209035 13
730643 3
594564 16
509314 9
895492 16
414013 7
149470 5
747623 7
486982 16
302155 11
485850 3
513338 11
828347 3
490884 1
407291 15
732031 10
974311 1
897195 4
738185 6
79803 6
955435 8
456196 12
471446 14
96487 8
187320 3
952866 8
384012 9
79882 2
452853 6
264831 13
54352 4
578420 8
724588 6
745945 12
937684 4
690638 8
86753 4
319391 2
429672 13
387989 6
523740 9
805079 7
90383 15
708147 11
828543 13
243309 2
220627 2
553368 2
852014 11
655960 2
665283 12
874141 8
295099 11
341063 13
276795 4
549830 15
689023 13
287828 10
169325 3
990703 2
385456 9
648011 11
747051 3
787524 8
449355 9
17799 12
886726 10
207252 15
247354 10
596185 15
300782 14
123463 8
746458 7
575137 10
311300 9
839879 5
458302 1
961671 4
323457 4
431790 5
123735 5
124925 10
675643 9
247793 10
182215 14
670532 9
613949 6
170168 6
132221 11
860813 10
911554 5
860534 15
91243 1
916788 11
664310 3
539596 5
894053 15
230351 7
524386 15
171102 2
204706 5
2793 16
638311 11
380030 3
202120 11
67241 16
264770 5
158848 16
336508 13
268416 5
542807 8
668051 8
610807 11
133672 4
765400 12
234043 16
336274 16
174596 7
960497 11
727824 1
469579 10
634733 7
172517 13
776036 15
122184 10
652746 4
114425 3
514692 6
734550 8
257719 16
560450 1
73964 14
992048 16
180831 15
273492 2
933398 11
92317 6
504385 16
430496 10
256668 16
789154 14
465906 14
152992 7
210242 14
827071 14
99032 15
781734 15
14432 5
557467 4
379837 4
328505 16
486844 14
824312 9
815576 10
740275 3
109464 12
786969 16
65 4
282822 15
645937 9
242367 13
363330 11
558680 10
776130 2
396829 9
251316 12
648978 8
793581 13
517644 10
764065 11
631477 8
458896 13
13134 10
515170 4
980736 7
99377 6
122667 11
846396 5
986792 8
120418 5
795986 5
286171 15
288232 12
678177 10
21952 11
9747 13
793119 4
393445 7
763607 4
174578 14
493153 15
689249 2
794782 16
543216 1
928284 13
73896 2
704242 13
780761 12
25298 12
992454 8
10829 16
126693 8
840692 16
913307 4
851825 16
236043 6
775309 7
537356 9
60079 12
288858 7
14931 12
587505 3
653102 7
12540 5
872429 12
628506 14
155719 11
422028 13
261750 8
933299 1
826913 14
219567 16
666028 8
263844 16
641573 10
752742 7
310702 6
465948 7
867213 8
249531 1
98377 3
246697 10
529010 8
78325 4
925827 10
629149 10
39228 6
781941 7
440556 11
153400 2
174952 4
257877 1
826275 7
692371 2
666971 5
157256 8
579410 14
299820 8
967759 11
773043 15
543045 10
497110 8
580527 12
888019 15
805883 15
662875 10
699802 13
719916 13
733827 4
967732 6
899246 1
860369 5
916430 11
311563 15
360497 10
539603 4
960479 11
789977 2
851048 9
85453 16
412928 6
800496 10
290527 13
716603 11
973192 5
443143 8
645231 14
203110 3
46190 5
443791 4
889148 15
833174 11
837333 2
660234 5
260233 7
19338 1
337872 16
50416 12
419372 8
481068 9
368303 1
357889 9
612336 6
644671 13
489380 16
942773 13
318033 16
623263 2
721022 5
380835 7
982227 14
367156 10
340174 12
263147 16
398263 15
727999 6
99253 7
260704 6
753110 4
844839 15
358596 13
926253 4
494691 16
16892 3
927464 6
976300 9
643063 15
705996 13
759107 9
546144 15
430470 13
793979 7
890349 6
349062 2
267573 13
267094 15
971326 6
912192 2
369052 4
158677 12
694549 7
294862 1
340094 5
511934 15
140268 9
143064 4
856108 8
142699 7
993385 7
938793 16
819633 2
792480 15
803287 2
746346 2
467598 1
542543 2
248168 8
882180 6
377130 16
385610 7
27732 15
46663 15
376552 7
60652 5
962980 6
452293 3
99392 10
41045 13
534593 5
904027 13
121382 10
826974 11
600726 8
476827 6
72508 9
4614 2
472265 12
213554 3
672897 15
269014 16
407107 2
121064 8
240415 12
747402 15
49677 15
637613 1
890376 5
633436 6
334895 2
220464 6
406381 8
596810 13
807200 2
820828 5
124657 11
940625 5
763715 7
435300 14
530104 13
561295 2
149165 3
875941 9
767609 2
111807 3
21884 3
135882 7
527518 2
987295 11
479534 4
329099 16
155397 11
633091 8
477724 10
394619 14
764738 9
212393 4
322996 10
654849 4
870077 5
420758 16
745084 15
28662 14
853332 14
991507 7
849469 6
37971 11
643627 10
975627 10
852129 7
206029 12
279754 2
192864 12
496636 14
329630 2
525575 6
849238 12
322960 1
144463 7
350245 15
147449 16
144277 4
420909 10
817288 1
320880 10
22977 5
814164 13
920240 5
318263 11
444413 4
480110 1
381205 15
273171 2
639092 14
256548 6
552584 3
525652 10
61735 13
568582 3
904082 2
771341 1
942451 1
568488 7
821532 12
941614 7
130109 2
253132 14
96731 11
584576 5
371478 12
938350 5
296836 3
792446 4
345409 5
827735 13
495668 11
526213 8
362209 10
599123 16
83640 15
645314 14
974778 16
548075 6
464494 6
42596 16
63744 15
486556 9
661354 3
774165 13
474476 16
865152 14
838705 1
978942 2
961121 11
373275 7
339659 13
591379 5
27683 16
897924 6
250887 3
435430 14
538166 7
54289 4
152006 8
943493 16
633162 8
489015 11
70226 5
489194 11
721788 9
467795 5
483990 11
197405 10
198609 12
534205 2
915959 12
873783 8
403597 1
158526 2
626105 3
449734 12
730373 2
45695 9
472673 16
929890 9
302460 8
108642 12
78717 6
57373 3
342015 16
956235 11
859358 2
376666 13
919648 12
559328 4
668365 12
689826 13
734163 5
988716 7
529696 7
806915 5
29082 8
451308 8
707651 11
637851 10
567532 5
899981 3
807683 6
290393 14
567572 7
674976 16
421062 12
196357 15
468437 2
165113 8
483163 3
104087 5
554255 13
474632 13
839633 12
362040 11
941153 7
952634 2
144932 16
954944 9
499367 15
940358 11
575558 1
406553 4
815627 10
306704 11
888651 1
576216 6
497538 13
890491 15
834344 5
960054 9
665382 2
33880 7
395394 1
383893 16
676804 15
12565 11
35470 8
617431 7
701185 6
760014 9
710777 7
798912 14
796377 3
904373 3
113223 13
140203 12
479986 12
635777 16
835971 11
899524 8
77399 7
550611 5
2160 11
351765 16
969642 9
311145 3
57473 15
847295 12
962542 8
852824 16
857089 2
513345 1
49471 7
999796 7
166063 15
12772 6
708564 11
849851 13
106921 14
715889 15
663997 1
259730 6
915427 4
396161 13
325348 10
971362 16
35295 16
975273 3
84040 9
236357 15
784895 12
622657 16
353577 3
59172 11
88937 7
137259 16
880507 13
404134 2
782255 10
218841 6
986415 11
674349 16
851072 10
991186 2
472221 16
860978 11
907320 13
436271 13
298762 9
240630 2
95255 2
869326 2
469059 16
963137 7
552816 2
176469 4
459219 9
861965 15
273478 11
901428 14
426001 5
155959 1
151385 5
55981 7
500590 8
282761 4
397306 10
24918 2
391417 16
455767 12
817987 5
539284 7
272001 10
740804 9
720059 12
627435 1
95827 11
629547 15
856194 14
679103 6
406565 12
933281 5
20354 12
327719 8
572341 12
569039 14
984168 14
402919 8
435976 16
415111 12
990323 7
247468 11
153412 1
904714 4
751619 5
140101 3
210843 2
583636 7
498578 9
418965 5
482056 7
900238 13
588551 12
341003 1
713839 5
619528 12
648753 14
462142 14
324150 2
623642 8
700593 1
476118 8
49468 14
818793 7
787985 6
531208 5
329781 4
493204 13
351015 3
433767 14
163707 6
210169 14
803411 3
306936 16
956167 1
157534 14
226447 7
619537 11
41666 9
51954 9
845412 8
626560 11
44974 1
991747 9
64924 2
790599 7
993182 16
290893 12
64562 14
278327 4
722697 16
197912 12
781610 3
623231 1
164878 14
584145 16
232246 8
353212 10
739944 11
16202 8
646845 4
533568 7
487409 16
219251 7
108389 13
683069 5
800205 9
461335 4
442419 9
41545 10
296379 14
228332 14
523301 12
740278 2
599559 16
853676 7
623716 12
437631 16
756461 11
519254 15
630712 5
204991 3
493870 3
982889 12
458234 2
265477 9
234636 10
353582 14
759171 9
232045 7
977303 12
421883 1
739595 10
515648 8
650369 15
202780 2
112721 1
349 6
976017 15
691727 8
456038 7
367358 6
898327 15
638576 7
118677 7
500733 6
707124 10
538863 13
562405 10
211025 1
447196 8
318978 12
371092 12
984922 15
482088 5
132176 3
786384 15
922083 8
902089 13
664678 13
482270 7
233338 7
300425 3
766235 16
879821 1
963834 14
351656 6
271415 13
849345 10
865004 2
134170 7
810440 11
592412 1
888032 3
553297 3
126011 1
78417 13
442576 8
745331 7
725038 8
539194 3
87787 8
324635 1
402750 7
705486 7
577710 14
513667 16
229510 14
691695 8
446678 14
91715 16
690753 16
929700 1
569878 2
946196 5
86932 13
409083 2
848906 13
981081 13
736941 7
474391 1
210049 3
823288 14
144148 1
61981 9
497867 9
263775 9
495333 6
985730 13
623001 6
535746 7
96921 7
507823 10
880563 2
960529 4
909824 6
895697 4
845913 7
780780 9
49740 16
519582 10
449313 3
783578 7
827471 8
705525 12
640598 1
401818 12
418219 12
632635 15
539050 2
596190 10
465554 9
45337 15
304601 8
993703 11
150693 13
380033 7
157894 5
919036 11
926096 11
229578 12
268700 2
836518 14
776103 5
328971 16
262308 10
717602 3
168585 14
931803 2
997649 2
790764 4
859861 3
700629 10
221146 1
554097 5
641970 15
447863 11
101652 2
777641 6
970297 8
82830 8
441809 2
502208 8
790049 15
512524 12
553032 2
66600 7
867103 15
236664 13
616182 6
23064 11
611279 11
480682 2
953576 5
723487 9
31719 11
392717 15
590614 5
482971 16
364634 15
25271 16
424785 4
75090 16
534184 13
240134 12
188670 14
384462 11
167480 2
711370 10
281766 13
876752 3
259601 9
871516 7
588529 8
973797 8
157977 4
520916 10
164701 16
805707 10
433056 1
231895 16
40172 5
856610 8
654567 15
826065 14
194663 9
889980 14
823477 6
993046 3
282064 16
592645 11
740896 10
128328 8
282043 1
453381 15
378630 1
621652 11
443035 3
688614 1
303069 14
949625 2
734073 5
442378 2
424654 9
621514 5
520247 10
797471 14
805841 1
488738 11
714833 2
438026 15
97250 6
714902 2
963354 1
187710 1
156769 13
827161 11
428607 13
91345 8
499968 8
155592 1
195277 12
347441 4
60102 16
992625 14
385823 11
769982 4
153227 5
870645 14
495841 16
970453 10
131061 13
914769 10
652157 9
385488 8
417332 11
333885 5
373267 11
855503 15
429845 14
706037 10
365933 7
517869 4
758143 7
527943 9
525620 14
608794 9
519163 9
261144 1
252793 15
288153 3
885689 14
348839 9
38885 11
559572 12
502482 12
783191 8
270734 3
54870 8
673282 7
926928 5
519794 13
827176 7
587967 12
424112 6
679750 6
427351 1
768882 7
183318 8
915436 15
65265 6
699178 10
567994 11
204349 13
692083 15
924537 12
376727 9
925147 11
205625 11
636725 12
682904 3
824149 13
140277 5
780400 10
743290 9
765983 9
904141 12
41182 13
848424 11
610721 2
566385 10
687195 12
69040 12
835747 9
611617 12
881707 16
188208 13
989207 10
80806 15
468035 14
615999 16
867378 8
86054 4
331933 5
208082 7
334987 2
963983 3
686218 8
582210 12
554318 1
432917 9
98938 3
633424 8
259421 4
721322 12
332399 13
909949 11
192130 2
680245 12
663389 2
414629 8
430419 14
113951 1
48813 3
625323 5
464875 11
465296 6
949727 9
575209 10
954204 15
938937 3
718499 3
457809 9
228262 2
808963 1
660325 16
987476 13
16909 6
363060 11
833914 3
66021 4
533767 5
654512 7
764160 1
329999 15
8962 4
401384 15
511542 15
565371 14
801450 12
150433 6
354173 5
926207 11
153177 7
657090 5
74200 11
359177 1
854015 7
174253 15
123961 16
732647 5
809264 4
947008 10
931488 1
87113 15
863605 2
85994 5
894236 3
689552 8
163400 6
762538 4
816035 10
918281 16
606657 2
132192 15
782228 10
359907 4
912826 1
145065 15
575810 12
219185 8
50120 2
186373 5
141258 11
521360 11
554293 10
857599 3
929389 14
626287 14
623872 12
814805 14
932655 2
87843 4
577892 5
460708 3
878237 9
220313 7
755276 2
887245 16
321265 14
116721 5
398760 12
178836 11
928881 5
720409 6
723211 3
269497 6
317252 14
870373 9
469154 6
429553 12
588976 7
364882 16
810579 5
849797 8
925246 2
698911 12
195541 11
177072 1
841460 7
290046 6
941534 5
422387 13
26755 15
655643 11
813582 16
538541 10
377080 11
368301 5
984152 6
964744 10
195966 10
142041 8
36125 6
995318 15
818725 16
383885 9
24231 14
279245 4
404851 9
274786 13
904238 1
451594 8
279651 11
119064 16
797697 2
981954 9
963843 11
557963 12
145292 11
832245 1
481445 4
871745 10
427344 3
186664 6
42719 11
418109 5
308064 16
878523 1
343912 8
548046 14
710926 5
513405 10
677824 1
963816 16
188886 11
692927 13
671174 6
174912 6
112164 9
573226 7
644178 16
546590 5
941353 7
273667 15
524967 5
755504 1
947708 15
699260 8
416629 13
324986 14
151838 12
890465 1
388911 1
266722 1
345761 7
742453 16
269864 7
82117 12
175348 6
647869 1
925169 6
182566 13
695821 16
532050 11
101301 8
645363 3
606432 8
795970 1
905164 8
448485 1
307383 9
482853 4
504204 3
97040 2
462793 14
632233 8
760904 13
338948 4
956807 13
511847 2
480095 1
735606 4
552588 14
526944 12
677259 10
691510 16
669589 11
549500 7
123711 12
439426 13
856015 13
816015 5
669844 3
857198 16
24572 10
911911 10
173074 2
107185 10
264784 10
472125 13
283679 1
990826 7
204928 13
416783 13
858805 3
888489 13
301117 1
349081 7
18993 12
718123 6
254616 2
501069 10
266583 3
186537 4
287967 1
661162 4
71046 16
809519 8
810011 1
759440 2
94655 6
979087 15
783076 5
466679 9
457561 5
363537 5
333158 11
409645 5
485342 5
567883 3
474557 13
724648 7
913516 16
909947 12
790469 5
920568 4
838595 6
507148 16
894546 5
339953 3
362413 6
494337 7
598870 13
604917 6
321751 4
537211 7
196705 8
384889 1
149363 9
953420 6
64501 9
201911 4
959528 10
855876 15
58858 4
186662 4
478748 3
389981 12
513575 5
864144 8
785485 5
290964 14
132689 3
243233 16
969655 10
23066 7
765694 1
527048 5
401224 16
753854 15
333075 12
570641 11
356747 16
546445 2
806868 5
298884 9
56641 8
256703 13
525932 14
446716 12
791013 14
99165 9
630835 6
209500 15
604501 6
984432 16
105177 3
766525 4
638517 4
670366 8
737463 10
956942 3
979268 10
209711 3
849735 8
535911 7
151948 3
836370 12
570058 9
292639 1
291172 4
505410 4
492976 6
369095 3
334418 14
352325 15
587654 2
863931 6
230571 2
212834 10
661885 8
92102 11
145872 7
581563 1
678269 12
484923 13
547024 3
441896 8
754063 10
427418 8
304419 14
941172 4
56797 1
200255 4
706409 9
972321 16
274481 10
886147 16
923560 10
28588 12
383010 14
223058 1
439410 8
554523 13
167579 1
63182 12
424613 4
418297 13
147941 9
470389 11
489255 14
446306 16
608699 7
505242 1
320877 16
726005 15
386242 5
605985 3
451967 7
647976 4
69539 7
862190 12
676894 11
850507 10
942422 1
863764 15
174728 12
73997 9
757413 3
482802 12
472574 13
529884 3
273508 8
443316 11
700253 5
453813 8
953776 3
706296 8
404889 5
922885 7
689384 3
824185 4
729654 8
402351 6
913463 13
597586 12
418152 7
829238 7
375382 2
205070 16
7263 6
374072 8
391310 16
812169 1
925065 8
362151 11
158522 3
989336 11
744160 16
494069 5
573837 2
27336 16
171522 11
743307 16
106593 11
102143 12
302788 16
534774 9
202132 12
141309 2
203939 4
97750 1
259209 6
922595 5
855782 1
907266 2
275673 6
970527 12
908387 13
460336 13
870281 11
328779 15
36661 11
895948 8
47386 14
752701 10
72627 4
41143 5
450997 5
639595 1
597716 8
150225 10
164949 1
176936 13
154152 2
917706 10
716375 16
955911 1
1650 6
276752 8
799725 16
216103 1
846686 7
280184 3
279358 4
632571 16
184780 13
265179 13
240198 2
255624 10
292373 5
710084 10
970808 11
70275 14
18058 9
442155 6
685091 6
514788 7
433512 2
765221 12
197276 6
119005 16
809831 3
127307 12
731355 12
217321 4
270320 8
377293 5
735640 13
310161 5
662770 5
681501 13
164350 12
972951 1
163284 10
724879 7
768519 15
946320 6
536253 16
473092 2
489249 16
595627 12
353974 4
810630 5
761346 2
35467 1
10648 10
173927 16
800739 7
691613 9
670151 8
951694 14
9616 1
817934 14
180957 13
644015 8
197568 14
203474 9
987671 7
369555 2
505554 7
758029 16
126770 14
631137 10
793536 8
28997 10
323049 12
130922 14
872184 13
27509 6
953235 10
82239 9
37927 12
214874 14
110740 16
540154 8
277926 1
734408 5
296535 14
57541 2
815530 7
467898 3
397621 3
24521 3
958391 2
898899 6
257586 4
622873 4
456500 8
227056 5
838869 10
263719 6
231158 11
481534 6
47844 15
572040 7
884375 7
872030 7
439052 16
210200 16
674619 5
552496 13
903713 14
631319 15
935106 4
636517 11
880835 1
155987 13
750930 8
291134 8
788450 6
579989 3
31158 16
822434 13
788528 16
775993 5
267536 13
122110 2
570617 13
457307 16
237558 1
878623 14
737554 1
390642 1
420554 8
63384 4
998785 8
635229 5
856016 13
694138 4
619200 10
555081 8
48111 4
645787 11
942411 10
383884 14
42442 1
403147 9
105192 8
720386 14
307001 8
486876 6
551916 13
220531 2
39357 6
350176 7
729584 4
272593 10
484974 8
818300 13
462902 9
990050 9
41482 14
472261 3
108408 1
604288 16
518596 11
384697 8
78457 8
864824 6
808688 4
839279 3
65659 12
916883 5
458017 11
658147 16
618025 15
811185 15
830792 3
668430 11
148034 13
820855 6
982489 12
994712 8
155625 4
622217 10
85107 4
434772 15
183430 12
620185 15
763737 10
285680 14
639006 3
651345 3
569603 5
104205 5
271814 4
169175 1
788997 15
292727 3
764499 14
170168 7
927586 13
405831 15
877939 13
654515 8
227014 2
308518 5
822945 9
592546 12
955878 12
177527 3
943299 11
784276 12
565342 2
610571 6
840699 7
289067 14
608054 10
61114 12
536138 5
493181 2
330104 13
973199 10
417732 8
445869 1
223034 2
316822 15
302886 7
840974 7
90902 3
827603 9
718304 15
925762 9
304935 3
638116 13
248270 14
330613 16
210417 10
702801 12
508971 7
816772 14
232643 10
227254 4
53306 1
752153 14
278475 7
176213 12
220168 4
254904 14
989590 15
842260 10
291453 5
930835 6
700049 3
229055 7
613229 10
882380 14
732275 9
456016 13
239193 5
362609 9
514671 4
622351 2
67334 15
714406 2
255418 9
317132 1
681204 7
423264 5
514407 13
260108 1
331290 10
437318 11
400868 4
305584 5
531056 14
908286 9
409945 12
634283 15
737951 6
660352 4
39708 1
195799 12
778285 11
370389 4
785902 11
938535 11
858038 10
537013 1
271437 13
319386 15
932621 2
466043 3
481278 3
365047 1
430691 8
92450 14
609147 8
816453 5
376915 11
252600 16
875836 13
315651 2
443291 14
42214 3
645401 14
556052 12
607520 7
501204 10
434381 2
297927 14
674057 2
570163 15
636945 8
569150 3
551705 2
295881 15
311181 9
967736 7
209058 7
411455 12
751322 9
132472 3
168245 8
44291 10
32159 6
575848 14
501929 10
534811 14
392189 15
301249 9
575620 14
706477 13
862790 9
131105 12
205019 12
97826 16
675910 10
192972 13
282175 2
901802 14
658727 14
766683 2
440998 13
521994 6
818742 10
277969 15
528257 12
865063 12
507692 2
70103 15
251115 12
829665 12
927676 12
980437 9
786360 9
839522 15
216794 3
659976 7
30304 6
818412 12
381449 2
191350 10
370058 7
213435 2
465805 13
55414 9
710795 2
343322 13
793141 12
124666 4
422445 5
686463 13
872420 2
27261 9
698199 3
219902 6
685839 6
872801 4
633325 12
57792 12
282273 14
813204 5
975194 14
401249 9
661320 9
445310 4
747300 14
582919 7
121225 11
851200 6
692350 11
737169 14
345439 3
173279 2
670160 1
819648 10
928208 12
408256 9
251590 7
564585 6
343730 14
13790 8
583645 9
385559 16
944724 12
423694 5
146314 3
938296 16
780177 11
114009 1
502091 1
603900 14
101700 2
462957 2
667242 1
109168 1
563550 2
76062 9
535731 1
231555 7
69631 10
203394 15
545185 6
252955 1
656364 5
339900 3
559034 8
96937 13
69299 10
588162 12
214448 10
153594 7
709766 3
12647 7
481208 1
484441 1
206941 10
85871 1
999200 4
263736 5
974656 12
684278 7
479820 2
211414 15
354194 11
468707 9
569653 15
31848 14
663381 11
810130 7
707903 9
241565 4
919225 2
3641 3
892230 13
784054 4
167749 5
243823 10
318611 10
710469 5
154181 13
885641 16
387835 10
499793 3
847857 9
324573 3
438870 9
693694 14
485573 2
920688 6
504486 16
941048 9
92814 8
988627 13
359722 14
969507 15
522948 10
448387 6
825446 9
749567 7
459693 16
200335 13
504614 7
368279 13
995998 14
889236 13
670505 1
419918 1
857375 13
758981 11
775853 13
87788 10
457402 16
199734 8
167692 8
70560 10
388588 13
303791 4
241052 4
634723 16
424193 16
561087 5
306197 16
939349 1
300275 5
997694 5
164186 1
547417 16
824670 1
770643 15
223345 8
534741 12
473131 4
113131 7
709220 4
975559 9
230603 4
368388 3
244364 15
623026 8
831525 6
615259 6
768494 7
150143 3
751744 8
261745 9
368788 4
397832 13
576623 6
907709 16
35794 8
574758 9
654154 4
646041 2
788900 2
608975 13
481196 1
301705 2
95590 13
273789 12
277893 6
72230 1
504367 5
571248 16
992823 4
324851 9
429823 6
16272 2
450257 14
496603 2
658745 4
796818 6
259011 9
380451 8
664276 14
656165 6
364715 5
817954 8
223170 9
849914 4
46356 12
200832 4
5235 13
228186 9
116418 16
933169 7
629520 2
467421 5
511520 13
128854 14
831910 15
562280 2
139841 13
945442 3
744145 6
541824 5
938804 14
624219 13
309387 13
162646 5
208462 7
98299 13
603933 14
254992 1
672652 8
74096 14
555112 1
7164 11
502009 3
385038 8
743180 9
821105 10
616840 6
103308 12
121795 3
830392 15
506311 10
882278 13
746949 3
27145 3
512442 11
892104 4
99323 15
400445 5
501205 3
190059 16
722553 16
790560 3
303320 15
229840 16
990992 1
773889 11
978585 1
381328 3
474907 7
336733 11
317795 12
859565 11
147201 5
719043 12
677949 11
133727 1
647083 14
729033 14
916880 6
668596 8
505656 10
738228 8
467760 12
244101 10
897227 7
388671 6
158783 11
211885 8
584780 5
602204 2
859812 4
926386 14
649416 15
915923 16
38444 3
422243 7
16852 5
893913 8
91079 2
258233 13
640844 10
482682 11
283708 2
338661 3
352379 12
478417 2
709677 5
831255 3
633293 4
755882 10
812543 3
31685 12
349873 2
535909 6
315869 15
476246 10
132048 3
64529 10
447484 4
163499 15
869827 8
84363 16
5865 4
173125 2
2939 13
171772 8
895313 3
339224 15
781908 9
851417 6
967117 2
594776 9
426846 4
173767 8
149810 4
940797 16
746154 3
313576 3
645018 1
328663 9
624626 5
433498 5
561863 5
545618 8
983335 6
454008 12
540080 14
209710 5
820883 5
407234 16
699432 3
549080 4
324563 10
815970 6
25603 8
875834 15
962104 4
412825 5
701125 14
692371 15
943261 5
19542 6
349127 15
779418 16
849223 4
348567 9
475156 9
658545 11
883335 16
661762 15
893342 12
316864 11
527670 11
342424 12
770940 5
536655 1
920499 15
734334 7
506976 10
583590 5
467210 16
858530 14
830903 15
283658 1
302551 4
484123 1
5748 15
744569 4
329186 5
645067 8
659733 7
932990 8
403836 14
9380 8
702261 14
154438 7
446435 2
871258 12
210439 9
858957 6
675676 11
730958 11
899825 11
146903 6
69260 1
401505 13
379233 16
233671 8
793449 7
85048 6
94648 1
119945 15
434727 14
685615 5
203386 12
30889 16
815423 1
245292 7
757179 6
118820 13
488094 9
120056 6
522620 1
928865 9
272578 9
235428 14
67636 9
882812 16
557355 4
227910 5
775871 2
501500 13
196513 16
297063 1
880930 13
227505 3
341426 2
734366 14
161355 6
830992 16
410613 1
680046 4
842187 8
166165 9
353199 16
61167 11
91181 9
689057 8
995352 1
990121 13
288541 13
862815 8
243646 7
440125 3
181184 15
356692 8
442973 6
923621 12
615607 10
756257 3
36756 11
395287 10
457109 10
995234 3
722470 12
92402 15
965795 12
663311 8
942565 10
498815 14
707820 16
841774 16
629417 8
67760 8
112263 16
687231 14
217498 16
325259 10
684393 3
629195 16
127646 16
5342 4
776398 11
452953 13
42466 3
832428 13
32363 13
458931 2
960287 13
36714 8
879444 11
674113 2
421570 11
283771 3
204414 3
868913 6
96999 6
932296 13
200320 7
768446 9
992382 4
634926 13
902301 16
80574 14
663243 8
530021 10
176973 2
661458 10
282941 4
563789 4
994287 11
396997 4
497131 3
294431 8
836526 13
899256 7
806648 11
207318 7
234820 10
882073 5
498026 8
279358 14
545445 4
798789 3
677364 16
936442 15
845367 3
49226 12
630184 3
222933 12
158198 16
495432 3
427956 5
718198 1
331955 8
176090 13
260493 8
303154 12
754575 8
252110 9
302828 14
469360 15
263017 2
359051 6
103117 13
727901 14
367608 11
397284 11
606242 8
276357 7
988080 15
766674 12
51360 11
163510 8
909500 14
174575 13
382087 6
884243 15
570474 13
522751 2
214975 13
915149 16
294275 12
371672 16
222598 9
851079 10
907552 10
743572 7
555267 16
925389 5
117341 11
309129 16
42092 11
490363 1
286390 6
294559 2
308799 9
83930 8
986098 7
387761 3
221609 6
565344 1
953383 4
726024 9
415216 9
457568 7
264408 7
907508 10
617951 14
459098 7
517708 8
582774 6
574874 14
481627 9
676453 12
136618 8
940598 9
844448 2
182534 16
197949 5
56464 13
603053 14
201053 6
217764 7
428024 5
641895 15
370566 6
47070 10
333703 10
863791 3
521384 12
728689 9
6690 5
223000 6
914074 2
923730 7
970777 8
442579 14
346982 13
24370 16
841035 16
432388 16
485665 15
430611 13
915583 13
365247 3
668596 8
904314 4
329348 16
95998 9
213068 8
616779 7
880931 10
440173 15
981189 7
905428 5
113255 1
153106 10
725275 4
794496 3
588521 4
504629 9
401066 4
742531 9
267533 10
56830 4
321713 16
170940 10
419579 1
237590 16
536633 1
995787 6
959176 12
723403 6
355213 15
878173 12
863755 4
725116 10
517294 11
836736 16
582123 14
305365 3
531176 7
975139 14
874885 5
659315 1
376365 6
890014 6
171887 1
530715 3
689128 11
256937 15
995796 11
648052 5
587661 14
737390 4
678195 12
198825 15
153152 10
771593 3
687783 9
50734 2
816807 1
855713 4
751326 2
855411 2
325993 2
778706 10
900234 8
854868 2
712121 11
131717 3
249460 1
388055 8
721375 12
929467 10
319272 10
377363 15
160533 6
986285 11
888065 13
868387 5
553265 4
515301 9
866698 12
692604 3
625936 11
847826 8
789387 2
621290 12
989279 15
761089 5
167867 8
902346 11
84318 10
157099 3
679885 12
403222 13
227779 12
811356 14
682100 11
114349 6
606091 9
201260 8
141062 2
611826 16
665218 8
844184 3
849692 7
573913 13
523938 11
810342 11
169323 7
70865 1
79846 14
385629 16
106843 13
460063 6
115376 14
339542 16
92264 9
393645 4
877920 13
261238 2
455306 5
520272 16
154624 14
290932 15
95290 7
100737 14
770387 16
33436 15
407833 4
75596 3
493241 1
540198 16
289718 15
63320 2
554865 12
926773 9
114929 4
799798 10
315690 1
10207 2
219339 16
237067 4
71026 8
802248 15
389910 2
194022 3
649151 8
224057 7
589932 14
580078 10
54227 1
290614 10
519134 16
309168 12
42895 13
832981 2
77134 3
965356 4
243361 12
2186 16
54380 10
630092 13
95826 14
944144 5
754250 11
195750 8
302392 4
902131 6
96534 4
90246 16
199855 7
393203 13
232568 15
818654 2
97339 16
831851 4
409048 15
484357 4
569285 11
153147 11
937665 13
83741 5
283759 13
85189 7
941663 8
11903 14
953519 12
909714 8
961470 6
652882 12
286030 1
86926 13
971572 3
623877 16
538232 1
523570 11
405147 11
776049 16
288242 14
696213 16
434674 3
746097 11
779673 11
467578 13
535651 12
24214 9
202167 9
622119 2
245077 5
206060 4
955027 2
271362 8
480128 15
421497 1
958537 9
132259 3
403145 9
11559 9
118892 2
190101 9
332335 1
555917 10
313147 6
111643 3
118966 3
26764 12
136196 8
811940 3
817706 4
532541 15
119600 7
719922 2
197553 14
455523 16
336274 8
862755 1
315016 9
117652 16
982669 10
80088 10
128235 2
955840 3
514376 4
240409 15
478979 15
841905 1
690559 12
488419 16
444099 3
50021 8
845025 13
588028 8
881455 14
408795 15
783181 12
564043 4
449153 7
886142 1
142044 5
377774 3
695213 10
875497 15
503543 8
864267 16
248284 11
723463 13
608792 4
662338 9
574606 11
18029 3
49338 12
768660 15
966369 8
754280 13
890073 13
303613 14
551824 6
223583 1
308848 5
393208 13
86790 12
492003 2
717192 1
181526 7
210217 4
535504 7
161035 4
409895 2
103989 8
452945 1
115653 9
14226 9
943317 7
210204 5
467021 7
728291 12
864189 11
260142 13
165967 15
478021 8
36890 10
181068 2
280275 6
44992 15
901959 3
907547 11
467892 2
601199 5
266207 10
992905 6
658754 12
767659 13
234497 3
565684 1
32690 12
69816 16
899005 2
713913 12
119746 12
31311 5
811258 2
177474 13
970249 9
284177 8
556039 7
770700 10
262226 11
899414 7
999239 6
676665 16
761353 3
368961 4
888609 14
670126 11
599363 4
925437 15
837489 9
414960 12
240784 12
60969 6
576430 7
633734 6
22127 6
247416 10
807179 13
81807 12
164632 3
68994 11
959489 10
853832 15
598469 5
505661 12
396483 13
45632 8
512879 4
18130 3
810493 6
393616 12
171697 14
275506 4
798836 6
501338 2
529607 7
668574 11
211063 16
805623 6
255398 4
245554 4
986820 15
341794 13
508259 2
243380 14
788501 5
485715 3
679529 10
304229 1
42260 5
689365 6
407425 16
155676 5
248229 2
734360 14
932233 1
402599 7
352219 4
589151 8
16933 8
46009 15
554829 16
398986 9
672809 16
114545 10
672547 14
182965 6
734171 4
117873 3
491244 4
309154 2
119463 10
348406 14
576318 4
584648 15
686435 12
561860 10
326923 7
409551 16
618094 5
381972 11
351931 12
214635 1
629612 7
800173 7
75479 12
712946 10
703472 8
45291 2
857925 9
45361 5
775418 12
363014 16
27471 1
470370 14
78894 5
858505 13
535234 16
10514 2
897648 16
947084 6
884353 15
840105 13
40772 8
915427 9
366292 7
115443 16
262759 6
19268 12
802818 6
127641 8
270829 1
159063 15
608182 14
450916 9
992603 6
432159 7
330358 16
243360 6
308279 5
899042 3
680324 7
233187 3
511880 6
482428 1
809422 1
391799 5
828669 10
503174 9
764020 15
614543 3
211426 15
145362 2
485746 9
944548 14
501844 2
451922 7
15703 3
990246 10
257128 8
11258 5
157197 11
483444 16
54851 6
463803 16
931121 13
228406 16
753134 4
321821 6
237046 5
475675 6
160251 2
358531 3
195665 11
97474 14
631164 10
422526 11
129707 5
462244 1
866165 6
744003 5
88928 6
799442 3
126107 12
861306 15
18177 13
343678 8
652125 7
808272 4
866586 7
718410 8
275452 5
551924 16
190564 7
277843 13
9847 13
321866 14
73479 6
155212 9
921415 9
826619 7
944520 5
205258 6
829533 2
698475 8
481368 10
20649 7
605432 1
537544 9
456770 7
333434 3
216571 13
62491 4
978301 6
456589 14
429624 4
130688 12
85015 15
103774 13
747924 2
865266 1
726751 2
629659 5
702363 16
897322 1
280719 15
844564 6
737246 4
118114 2
243188 11
116415 10
632822 4
435284 10
5403 2
290947 3
842277 6
997926 11
837779 16
658880 2
308468 6
716243 6
302913 3
614584 4
602838 4
860287 16
844837 11
180300 16
473574 15
678072 9
799911 5
953639 16
772068 16
328237 3
92914 14
149850 11
343643 6
438470 11
775970 6
606396 1
243232 13
135062 10
561005 11
684889 6
647103 15
958496 2
223990 13
920511 7
604465 12
474101 15
647976 11
495138 8
930533 12
367961 14
957947 7
719938 13
242220 15
186115 3
727250 7
525971 16
354727 6
919072 11
204335 4
877699 8
496139 10
841037 5
977196 16
882761 10
82510 6
401863 16
434183 5
552523 1
66500 14
278517 14
488738 10
650765 1
288494 7
966112 4
685913 15
43041 8
705838 15
88792 14
951235 6
277137 8
424602 14
970846 10
101439 3
902454 2
855263 16
822996 3
510517 5
156711 9
766184 5
411202 6
665175 3
799530 14
917748 10
197442 9
83936 16
807800 3
703491 14
795324 8
851074 8
431659 8
901015 5
909561 13
250925 10
138138 14
917627 8
702664 11
144134 8
703482 9
909101 1
364477 5
482872 4
708030 5
584730 4
663261 15
979790 5
712626 4
385393 7
681283 5
216001 10
959264 12
786538 10
813019 11
827155 11
67914 12
832127 1
262856 8
30926 5
856580 14
197985 15
264068 14
838775 10
582597 10
311230 11
438863 8
385078 4
847117 12
403633 13
313832 12
913016 8
919957 4
88659 10
73480 16
316439 15
496132 10
184809 11
129541 8
125806 5
878844 2
641527 14
399722 15
318533 14
640364 5
981305 16
1252 4
848561 16
538648 12
209232 2
816754 3
2128 1
1707 2
878934 14
36660 6
696988 14
706724 10
244336 8
71045 12
166975 3
274458 13
841038 6
936099 12
174610 11
779022 4
338962 15
96825 11
38018 16
152973 9
770820 4
906311 14
963610 9
272138 15
137522 10
470119 4
481230 15
48253 13
919066 5
66821 12
209115 8
51480 12
835618 8
14099 5
166151 10
64258 7
880079 9
451482 8
288497 13
29258 6
566313 9
18148 1
291989 16
253498 9
333989 2
972805 7
689253 14
818294 3
938103 6
523188 15
449149 4
155141 10
337617 11
322457 12
928806 16
951009 6
571296 12
67326 2
588830 15
184852 14
126647 4
257538 2
323888 2
40879 5
718546 8
671618 9
267227 7
505168 10
829098 4
169012 7
154122 5
104794 16
295799 8
603561 12
25588 8
168936 6
426618 16
960519 14
774914 1
269686 6
217582 9
84375 8
652195 3
693919 1
587876 3
469260 7
729717 8
31503 13
238488 10
639488 13
140160 12
914934 14
974505 13
955443 2
561846 14
263009 2
873880 9
537263 4
229498 12
533520 8
656288 5
697826 12
132537 16
806876 7
190022 4
72783 12
618933 8
742573 14
40297 14
636571 7
692584 2
564080 13
156964 15
928790 13
831656 6
54523 7
592220 10
522715 10
674855 5
945862 4
982882 4
606789 9
4348 12
937474 9
938083 2
636424 2
417555 6
127207 10
626890 15
119727 16
363319 13
419576 6
449828 5
785642 5
97693 8
574165 16
75588 9
367020 12
587869 4
679686 9
890471 10
732355 7
709789 7
883623 6
881155 13
122591 5
324432 16
503127 14
962748 1
20301 7
614034 13
935700 1
171647 14
576035 11
925166 5
506051 4
40580 10
609038 14
612262 3
262857 2
967593 8
269937 6
23784 11
981049 16
823344 9
46907 3
531767 1
853225 14
705417 14
474743 8
32111 10
604841 16
678653 2
480041 13
117786 1
530474 11
147647 14
841247 5
615146 9
41911 11
296228 7
745813 11
810035 10
642233 13
821943 7
86860 2
279874 9
426568 16
588688 6
189224 11
173661 13
890341 7
513243 11
206819 8
40095 1
875390 10
708485 5
583467 1
609818 16
60043 12
913754 4
24585 14
751776 3
134140 10
383460 14
278095 8
201892 6
455066 12
181766 16
14903 15
581976 5
906564 11
984624 6
925734 13
632549 16
976190 6
722389 3
906877 6
616162 1
900630 4
430035 5
778180 3
878001 6
869681 11
228417 6
697948 13
784509 2
731611 8
18826 10
933714 12
53734 15
221239 9
196003 14
142796 10
355340 12
437352 1
709267 13
925162 13
768357 14
299646 16
817380 6
166086 12
571547 11
546443 1
397850 9
799712 1
719304 16
887866 4
103567 15
363512 9
221183 5
146310 13
840914 11
822677 9
972866 16
314775 13
505769 7
420739 9
235146 6
390464 2
822120 14
519810 12
170950 9
796183 12
630013 9
597238 10
539879 9
112047 6
914489 6
364823 4
568723 10
663568 3
117563 10
411153 9
496836 10
403214 5
389361 16
378695 5
975046 3
303135 2
178764 16
601215 4
752264 14
109205 1
336050 2
804969 9
591479 5
145248 5
667355 9
525668 12
119315 4
130733 9
847106 13
25487 13
229459 16
743129 9
72829 2
102215 5
184974 8
458951 5
921887 15
141643 10
252627 2
362243 7
112280 12
954869 3
948250 2
850132 9
864294 13
628410 6
273542 1
903033 9
40344 5
502546 10
51292 4
94960 4
821726 12
894772 1
712147 11
355570 3
397522 6
322963 7
481292 15
537554 8
809711 14
245636 2
509663 2
549305 10
231440 7
472162 2
711976 2
295155 6
506180 3
227153 14
487947 16
391889 16
168566 13
502697 5
500061 13
93188 6
525736 16
524424 8
569511 2
343745 7
680611 3
706619 4
196893 15
343867 1
298636 2
179479 1
383330 8
63349 8
674246 5
435869 4
760790 13
722305 13
156775 16
516396 13
517518 6
907906 15
975531 2
959510 2
589588 12
855642 12
169427 15
361210 1
958486 14
741244 6
326945 1
87418 5
312451 5
702459 5
466215 16
827578 4
122536 13
953082 5
421889 16
96886 9
342819 11
660464 15
674497 2
971430 9
934188 3
803264 13
929403 5
922403 3
91635 4
622870 16
915476 1
419727 1
348075 15
197080 10
92006 14
115012 4
796593 6
40898 3
629639 15
952429 5
608642 12
18838 12
943096 11
71275 11
130188 16
833246 16
665167 3
761264 12
46978 6
787465 4
102774 3
975063 2
249875 14
990110 16
790158 13
149927 15
776997 2
756071 6
241671 16
795309 13
114343 10
455806 15
609760 13
496137 8
804816 16
289924 4
604261 2
48175 9
145885 2
711475 11
628664 2
352416 14
802047 2
942553 16
227191 8
834733 4
533373 15
53677 16
445682 5
690455 6
659597 3
787416 1
254876 15
495173 2
827428 9
139547 2
833776 15
276032 3
145120 16
585817 12
555635 9
226302 14
323231 9
197370 7
220021 12
744334 8
145844 9
274979 7
551708 13
699034 13
136342 14
989554 2
612061 15
919252 16
689930 8
482433 15
105545 4
44980 2
229240 15
222848 1
862548 14
985800 3
427537 15
15580 2
687337 10
350172 15
496236 16
950184 16
851360 10
609994 10
968356 14
63773 4
660421 8
303852 1
593937 13
52809 15
924359 14
107031 4
88710 14
187888 6
963432 1
46765 4
25515 9
927104 16
507667 11
425616 11
526638 4
175866 15
101029 16
463520 1
373189 11
94066 10
857766 2
807950 14
382283 4
637787 13
619251 13
404704 1
392319 16
660009 14
652235 6
755241 14
159882 14
604613 1
762987 4
952433 1
341281 4
826614 3
136000 14
114509 14
304905 15
764443 13
495762 15
505206 6
379773 4
361232 12
440961 4
197676 4
285115 5
947681 8
493908 15
833284 12
416862 10
153559 7
931561 3
397679 6
218035 13
864380 8
81335 3
253167 6
249430 16
842196 16
490726 11
358713 14
927719 4
376070 6
387733 9
172675 9
75777 9
564044 16
264891 6
178433 3
501980 9
175595 16
615083 3
552885 3
881469 15
512279 5
50634 9
832927 14
904053 3
458924 11
987429 4
368066 9
995967 4
37151 7
655923 15
506779 14
427030 2
649876 13
659518 16
766191 5
931267 7
81817 14
893423 5
473710 10
868268 8
310511 5
850926 6
475114 10
942695 15
766498 8
348198 16
742025 2
277476 15
437529 3
991427 9
234118 6
828269 6
342835 3
615377 15
646820 5
539463 7
364161 11
77903 14
985585 4
426412 14
565177 3
91826 14
865618 6
421064 13
869114 7
428561 15
626364 2
881042 13
394810 2
843359 6
324214 8
417111 9
348875 13
348509 15
80096 15
880640 16
260345 11
989246 2
89126 7
810957 5
615 5
272436 8
128580 14
619716 1
881284 16
581964 10
988662 13
573058 15
326809 8
925111 1
768535 8
369231 9
438118 13
109090 16
61184 16
484148 4
644654 7
352211 12
166322 13
143766 11
275694 14
375856 6
472877 11
319667 7
778510 9
849682 1
332404 7
583566 2
472175 16
471947 7
283764 12
246823 1
18256 11
328786 2
121011 11
229278 12
806465 3
836367 10
128096 13
468241 14
697420 15
749924 3
262808 14
1814 12
658209 12
710170 12
689276 9
983813 4
10577 2
648514 2
744862 9
179501 9
398754 3
932922 4
702542 9
858293 11
34691 8
674914 15
839227 3
656799 8
371291 7
837105 5
518172 15
868612 12
19530 9
436659 8
794691 9
543309 5
236402 3
273244 3
567405 6
314112 14
541186 3
145038 1
924593 7
767378 16
37972 10
543740 16
661637 10
480834 11
346575 9
512667 1
517926 7
906903 6
704952 15
203516 2
216096 10
82028 9
348927 8
255564 8
907398 3
99217 8
208897 12
839981 11
837933 3
158769 2
444618 15
642982 13
549713 1
228118 14
976351 8
503025 9
635792 14
833134 7
967144 6
357010 10
637409 8
