4982
366069 5
39442 7
445983 8
510469 2
855054 8
899645 5
313896 4
193472 7
148959 15
511018 3
174575 10
410045 16
760597 8
913114 2
647588 16
993798 12
204048 2
100126 3
662443 12
421360 16
104314 5
595266 10
804069 9
768996 5
282055 15
552131 6
695088 12
453737 12
494281 4
241737 10
231645 15
897595 4
383790 9
612996 7
894329 13
912765 6
455726 16
719865 7
1902 1
837267 14
318898 3
839168 11
874765 16
915351 1
539629 16
500009 13
812259 11
385649 10
144636 11
816513 15
92620 8
102500 7
203260 10
601581 9
450337 16
113490 15
807169 7
446674 9
405058 8
288063 10
899324 16
656117 8
927805 16
878638 3
371068 16
381414 5
538867 6
711462 13
879167 16
280074 4
908280 2
647704 8
596934 5
175652 3
135879 16
59178 10
285886 15
778869 12
594519 2
93520 1
339286 7
897234 16
158089 14
422973 14
454778 15
765243 13
430116 1
537170 1
549653 15
950710 8
615643 5
774728 5
100262 5
180116 3
556611 1
624813 12
407922 1
751549 3
289733 12
779965 8
305588 13
155182 3
315677 9
529302 7
373939 14
13724 2
28996 4
22216 4
319616 9
631261 10
970004 8
945077 11
344252 14
203654 11
138459 9
504070 13
9272 11
466729 15
923734 14
541895 11
12628 16
554120 14
585596 16
771083 12
915901 15
501152 11
581227 4
88000 2
426836 12
201218 3
219491 5
558573 4
462447 13
680384 13
711417 10
168596 8
723504 15
98362 5
618089 12
445957 12
11278 16
599795 15
658643 15
906427 4
432909 9
123702 4
273611 10
726016 4
102519 16
526269 4
300657 2
751955 15
446750 7
395776 3
441575 11
929758 12
779050 10
417853 9
524194 10
436642 10
664656 10
54682 8
485162 5
805435 7
933072 6
412495 7
143338 14
644013 9
238934 12
583039 11
915412 15
810247 10
716605 14
390993 4
657988 14
804198 2
167544 7
37693 5
240821 1
300493 10
933283 7
745133 16
377992 13
287926 14
21944 16
776627 10
36321 7
708579 6
227373 16
642596 1
24579 14
409695 12
147224 3
423136 6
167371 8
228073 11
553245 2
756357 4
665324 2
324546 4
247218 16
366618 10
604136 1
567317 4
205279 12
616388 14
996130 16
485584 14
979939 13
238063 11
329069 12
279877 6
132566 12
964618 1
78986 15
181302 6
253112 7
28267 3
4508 7
202885 13
412749 9
679423 9
780880 11
827460 13
570280 11
770370 14
212021 13
935955 9
156638 10
485360 4
933385 9
641858 8
591851 1
805097 1
271658 10
442328 12
597051 2
550101 13
12439 2
551023 14
533240 15
297534 1
608732 15
531965 14
483749 4
262597 11
222695 7
859591 9
749662 16
409159 8
803718 11
868199 2
451574 8
838866 8
391476 14
971298 2
792994 14
1058 1
808096 13
29347 7
431491 4
667582 16
407242 3
479145 12
59505 6
132849 13
279266 7
143661 9
942144 13
996370 10
932100 6
283788 16
836433 12
325604 13
136750 12
218436 10
303522 14
391608 10
38954 6
89764 7
564586 3
463383 1
370714 1
909485 6
204361 16
974131 8
512478 10
815977 9
847597 5
502741 8
150574 7
807247 5
579601 4
95079 8
615297 3
13496 13
46346 14
197468 7
358170 4
968143 11
406466 13
895891 6
521077 13
380554 16
617873 15
774345 16
477320 10
795132 13
940651 3
215185 7
11493 16
122488 3
51915 14
369091 5
854456 4
570832 6
118438 1
726184 9
944246 14
619767 11
706868 2
180654 16
448981 14
761398 3
627306 15
679251 15
824870 2
874487 14
376058 10
685115 10
115635 2
660915 4
918164 12
185177 8
527801 16
995072 9
716529 7
39492 4
142856 7
555527 12
642208 8
297647 16
592989 13
537338 7
564820 4
413307 4
586249 2
315022 16
312987 5
93468 2
470598 8
805481 16
11544 3
150706 13
396761 4
97687 7
98318 14
851367 15
377957 11
142634 9
807778 4
689454 6
687667 11
538267 3
781606 3
666157 13
999387 5
947104 7
881107 12
116515 7
966051 15
575464 11
213851 1
666490 4
325125 3
434187 11
814124 11
568474 4
906540 6
240382 10
749378 13
948716 10
956838 6
770043 8
15455 1
681378 5
453698 9
22756 4
891833 15
233689 6
634173 16
331108 9
810642 16
768721 9
366508 7
998875 4
814924 10
819217 7
226128 9
235252 13
43501 1
822898 3
977989 10
346118 8
848840 1
310287 11
825991 7
914929 2
175783 7
226487 6
975042 7
621641 14
165647 7
103919 16
577872 7
707495 13
135207 14
460155 5
281937 8
120117 3
23120 10
601666 11
531152 5
774656 9
419628 7
876822 9
986635 1
121285 1
354129 16
5456 6
825907 15
739217 3
116619 9
5924 6
671571 14
797746 4
261590 9
319545 4
797234 11
835292 8
224559 4
736629 15
101702 10
450133 15
273258 12
714006 9
863964 5
373282 3
551041 11
880428 13
749784 4
682372 12
412426 16
938392 14
760209 7
701916 15
155171 9
955754 15
714709 14
413323 6
942175 14
250968 10
402307 4
842597 13
330357 7
11602 2
299460 11
182285 16
820306 1
551447 6
279768 7
551301 14
888527 2
823588 3
172578 9
992139 10
456689 11
38660 14
838718 11
688088 13
683403 13
159934 2
645888 13
562547 4
335791 2
727789 11
482752 13
70990 1
167730 13
991985 10
16373 16
663788 6
805833 8
361536 6
970346 15
123291 2
815266 3
138230 2
852663 3
205259 6
696358 7
636098 8
689629 2
86578 5
445480 10
16638 1
803108 1
458036 9
745502 8
918755 11
751393 3
284549 7
541284 10
846902 9
917226 15
994474 16
518487 14
517011 12
112427 3
228421 1
615336 3
531269 11
71586 11
829863 2
212802 11
332616 10
901437 11
496139 6
326482 6
578067 10
600651 1
482350 1
237266 14
717067 4
703921 5
99299 1
935649 8
699670 13
475748 5
201778 15
246561 6
131003 12
277110 15
837014 1
16708 6
726419 15
328148 14
726259 9
18014 8
669466 3
453490 16
8030 12
193497 14
849877 6
101532 9
630499 14
323393 5
902656 3
887924 16
125504 8
154450 14
416286 7
861156 11
964682 12
339443 8
856490 2
768303 9
94028 3
451656 3
549550 8
590790 11
839987 12
545321 16
947335 16
827611 14
686344 2
102099 1
788455 12
74190 3
244899 2
505832 8
98111 9
825542 11
289740 14
501336 12
308231 12
811520 7
147831 13
953411 16
678193 2
368996 15
695755 8
735369 11
692177 3
831445 16
994503 4
127502 11
554081 8
847909 13
585834 5
435297 3
703918 8
348718 6
765854 8
717217 6
719318 4
967974 16
364777 2
196786 4
481405 9
230141 1
775877 13
878621 2
122539 1
962167 5
698428 15
791554 5
187160 7
686862 10
456567 7
291440 3
590906 6
833815 2
79541 12
410865 3
850094 15
247871 15
990777 6
905200 13
465548 7
476707 1
216949 10
579923 1
860685 7
595722 13
671462 13
18403 8
734048 9
129070 6
235112 15
832550 10
826909 1
441598 2
100656 4
3420 6
998285 6
846493 1
674271 4
92657 5
207122 9
581346 13
629030 10
712897 14
93696 2
527092 11
12924 9
202783 11
114456 1
6688 11
739850 3
141940 7
900158 4
164416 2
725227 7
635784 12
908491 11
23645 7
151943 3
147635 1
140932 13
547800 10
603831 13
224923 15
636183 4
160686 1
127746 10
903884 15
519945 8
814902 14
790367 14
163884 11
394658 12
226568 7
336451 3
840774 12
766289 4
920233 2
565278 5
543917 10
85351 14
483728 5
505983 3
888989 16
668293 11
695343 4
867339 4
562326 1
134404 5
752687 16
547410 15
719816 6
320123 13
112700 16
588097 10
960480 15
700927 7
352232 10
59198 4
992597 11
206709 16
232225 12
18473 5
366259 9
299162 7
63503 16
239518 7
623673 2
369342 12
791124 14
891625 14
478148 11
55257 12
326093 6
819283 16
609055 12
896803 3
44728 10
664477 3
96404 14
818390 14
973098 10
995363 5
562149 9
862838 2
164669 15
484249 4
600698 5
263705 12
560958 16
85649 11
3631 15
451338 10
967856 12
110570 8
721390 11
161714 11
68549 15
458637 1
886676 12
272735 9
727217 10
844106 5
283886 9
336248 5
354605 12
804186 5
61962 7
119581 3
337729 13
656154 13
129199 9
962648 5
128447 13
76471 13
719938 15
86055 6
466241 8
824568 3
39030 7
550944 2
514980 16
64471 3
984222 5
21127 15
975648 4
268594 2
164515 11
475886 16
159677 9
4146 1
32427 14
568481 6
461748 2
438403 14
881808 12
134690 5
355279 6
984505 6
26806 8
170586 16
383938 3
730595 14
530584 14
196268 3
27042 6
394165 1
184039 8
13759 5
199368 2
88769 5
807943 9
217315 1
306443 8
493160 6
491756 5
963977 13
679968 8
978256 8
879123 2
534187 3
121427 13
50267 2
159648 8
233276 15
916287 5
256867 11
396417 14
34249 4
208183 12
468261 9
288674 7
653949 15
711604 10
362356 5
352492 9
872066 2
492847 15
739024 15
947244 8
864609 16
325995 9
822007 1
731214 15
693461 15
626448 4
173004 13
60262 3
934611 6
269572 6
575421 3
969707 14
596720 11
145899 6
596127 10
656524 14
462128 12
271039 4
265843 10
322423 3
594596 14
473464 9
459174 16
75069 6
460388 10
724872 9
174431 16
735345 1
25802 16
809279 9
255748 4
524163 13
435578 2
881753 13
20411 1
239867 13
865066 7
873307 12
987866 7
371282 6
187070 10
224356 6
271956 10
641780 5
823364 14
840451 1
53525 12
182519 4
875556 13
829994 3
561373 7
792043 6
947445 10
303108 6
834422 7
303602 8
778360 16
878149 16
684791 7
889335 9
521171 3
116112 7
719387 10
521436 8
131212 9
583154 13
977484 8
61637 5
399230 4
883751 5
333125 10
699770 6
93557 4
981075 10
796690 13
746500 10
652115 4
928258 7
760573 5
666118 15
491245 7
498928 5
99687 1
12756 4
687774 13
851112 10
982857 7
556792 15
309855 11
221469 2
67379 14
294473 1
781568 5
100546 15
140049 11
941731 16
676511 11
405511 12
425901 1
820092 15
258300 3
725446 13
488438 1
448170 7
622234 3
605037 7
300766 5
297611 6
815038 3
21774 6
146819 1
23415 15
54443 15
426101 13
344693 11
31505 7
955695 2
427219 1
999961 14
105897 6
852124 1
589751 13
586490 11
905457 7
175116 10
485898 15
670661 13
92197 16
796384 1
441776 8
768131 10
585888 15
295677 1
612694 14
366551 9
148547 5
579125 6
727796 5
563588 15
837665 10
97047 10
711752 9
743169 16
261479 9
169513 1
203199 10
929769 6
999384 8
387278 4
876174 3
881708 16
948676 2
619066 16
417493 4
845487 7
559322 14
487062 6
8125 10
414137 3
312500 16
135728 2
237565 13
728983 5
493033 12
811032 1
166148 7
623769 8
534113 7
790618 3
246165 10
608668 9
639780 1
474381 9
97724 9
270276 5
952955 7
275003 14
522995 1
304812 1
639157 3
739222 8
308624 9
295238 2
803657 6
19438 3
700148 12
659230 8
338639 2
689055 4
658169 2
358930 4
330892 9
157955 8
289734 5
511817 2
59535 15
594967 11
731480 1
359193 9
515662 14
680111 7
821162 15
180958 10
755316 7
310668 1
839608 15
394336 8
203547 13
847915 15
99621 13
442229 11
331381 14
721552 8
465492 5
403653 11
276146 10
889721 16
685100 11
659083 1
994755 15
88758 2
747588 3
24006 14
875013 3
593631 7
808624 15
534240 8
990119 4
755489 8
688500 4
459054 7
479427 16
460265 11
992259 13
412396 9
170702 7
707599 13
236922 4
203335 15
57445 6
247306 16
250012 1
347980 1
698146 10
884749 6
546478 10
106526 11
414080 16
868548 9
129385 6
742612 14
81771 16
890530 11
254570 2
974168 9
465630 5
924160 8
336777 11
174254 6
345228 14
76553 15
231244 8
109392 11
322921 10
843490 12
769025 16
110208 4
269012 4
597121 11
466448 2
102756 2
628118 2
833533 12
672097 10
960903 7
966743 12
56549 8
82653 16
467648 1
291730 3
496724 16
811645 7
525309 13
179731 4
987742 13
282112 14
321412 14
868502 10
760701 10
99155 2
80378 2
900487 7
241524 5
498278 14
447291 10
627980 11
63200 7
138402 14
413774 2
629660 10
142411 10
454011 4
631110 1
652523 5
899262 2
871118 10
438347 15
272931 11
744310 13
353005 4
364186 1
416209 3
844891 12
939276 7
307190 12
55657 7
758878 9
531395 6
970608 16
485733 6
902197 13
394624 4
730107 14
271290 7
322272 14
949351 12
127179 7
318925 14
597718 3
766977 13
583012 7
16291 1
374889 16
200013 8
142030 2
532902 13
797076 2
838166 2
511597 5
405515 8
889750 5
133595 16
118562 13
687979 15
929322 6
4426 9
786773 14
178792 6
914212 5
785159 5
675187 1
332002 3
813679 15
51390 1
240709 6
604554 13
508084 7
622710 10
151782 8
632525 15
773612 14
394044 2
415552 2
87935 3
412897 7
452277 9
587692 13
281906 11
668476 12
908593 3
54739 3
358928 2
512417 16
755038 8
353483 14
610306 2
819990 15
727769 14
768413 7
416481 11
368203 5
859071 13
849050 16
648429 5
48073 11
430636 6
756612 1
149652 16
865632 10
215769 9
667703 2
486132 5
136682 9
180289 16
221834 3
983380 8
943698 4
908614 2
32779 15
281420 4
874814 6
45644 6
475081 8
192666 11
286837 16
56773 11
897626 1
907574 5
619 7
984986 7
136285 2
697340 4
100943 3
450925 11
510625 3
442389 7
117996 13
277244 12
991157 8
69646 2
147544 9
742834 14
980031 3
39018 1
604903 3
281185 6
119510 10
826749 1
64939 5
905566 8
174846 4
690506 10
877657 7
7851 11
720239 4
10380 2
904462 2
806196 13
566814 15
914615 14
99508 7
40904 16
296967 1
202396 11
790581 14
89662 4
632438 16
204934 5
12544 4
268583 10
667225 11
928873 10
104665 12
797307 1
973725 12
579546 15
62162 11
41189 6
361051 9
253507 10
198192 7
907737 8
510234 16
509182 4
275864 4
639226 1
879379 12
243090 13
968729 11
921936 6
407151 10
891595 7
907897 7
520280 11
895161 12
108563 14
678039 3
483678 10
792789 16
662291 10
430766 16
768040 11
975671 1
974520 5
755558 11
863123 2
478416 13
278910 10
217082 15
822049 2
888832 1
278265 16
670477 15
54578 8
5021 12
260421 9
697936 12
311199 14
697086 11
229603 9
169976 5
763647 6
234683 9
11086 7
976709 11
689339 8
927455 8
695151 15
674051 2
405417 9
661814 9
473107 9
164813 9
50500 7
681346 2
592544 5
733490 11
238994 15
850990 4
895340 10
226175 5
109474 13
46343 15
987184 2
711793 3
759384 3
126309 8
19901 4
485680 15
611695 12
70478 11
493264 9
900161 14
248080 12
139144 10
182004 6
940801 12
351979 5
570809 11
843466 12
454966 11
182590 2
231503 6
67090 10
307549 16
976546 9
52049 10
936083 7
342909 8
104504 13
546028 13
359829 8
38900 8
999215 8
73118 6
830774 11
217778 16
749461 11
244809 13
595661 14
797162 14
255680 5
206537 16
660712 5
781947 6
62116 15
588376 16
815035 5
840922 2
854845 2
932113 9
190165 11
579530 6
834435 7
304274 12
887470 4
834072 5
884679 5
667782 16
993684 12
596430 9
983608 3
81802 4
766270 3
458229 2
10315 15
833076 4
213226 13
58087 5
119999 6
758151 4
406725 7
810736 10
9117 14
459900 7
560865 3
486300 7
669783 2
774654 6
123255 2
240869 5
954386 11
450643 15
251518 14
586419 7
158868 10
863 9
384332 8
801730 12
128082 8
763830 8
691826 11
270794 9
214052 15
340353 3
588824 8
507872 15
696225 3
295800 12
868246 6
937258 8
3658 10
80988 5
949480 13
111756 8
581429 3
738225 5
519839 6
209663 16
716786 7
31286 1
608221 15
235415 14
20064 15
649214 4
90874 16
669304 12
94600 10
245779 10
30048 13
863077 8
460762 5
542340 15
484363 13
622389 10
171075 9
306678 3
302449 4
824425 1
383538 16
903573 6
706201 12
520503 7
47300 5
753571 5
430947 8
194973 5
744293 6
773705 7
969663 4
514761 6
318400 7
419840 4
238287 15
414875 2
722218 8
433071 10
847033 7
57478 1
497579 13
690991 16
484304 14
495832 8
287354 12
578949 2
558889 14
844574 2
392468 11
732501 13
608961 14
667044 2
431112 16
216960 7
875801 13
385603 2
249950 13
415289 1
396103 1
153122 9
288968 9
414755 15
23936 8
567308 4
629335 14
120611 2
107176 1
599863 4
128168 12
372366 13
94189 6
174279 5
808561 10
875691 11
8729 1
615858 13
142133 6
359551 5
182912 8
413295 4
552587 7
739669 12
392132 12
179790 11
380891 6
6391 13
450486 1
527223 6
649208 2
408567 16
455808 11
659257 11
280094 14
726557 12
516306 1
485830 12
772473 7
60344 2
996256 10
449484 5
753174 5
834304 6
918542 13
615288 14
47249 10
157932 4
785320 10
406049 9
441374 16
849458 7
166721 5
321348 4
569064 15
462324 4
824473 4
737804 14
976811 3
362564 4
194893 6
238627 3
725337 1
720147 6
109055 5
505695 8
726220 1
24381 1
740481 1
440450 5
872028 9
525045 5
486917 9
769264 6
386695 8
334589 12
944132 8
753902 14
686542 14
377604 14
176521 8
721268 14
168714 8
808618 16
555901 13
116329 5
882680 4
461964 3
469508 2
20116 15
102577 13
425248 6
369157 8
166610 13
105838 7
118501 5
378271 13
300036 6
200798 7
531230 11
55169 13
224435 16
337713 3
184096 1
542528 5
650533 15
289266 6
997797 15
547045 12
968340 3
363124 8
634627 4
604071 11
857467 2
560611 3
32600 16
754167 8
749564 6
347995 16
840242 7
880812 5
579180 8
477408 16
165323 12
462858 8
8726 2
729897 5
929825 11
28183 10
685397 6
392889 1
810455 8
564436 12
542740 14
759206 2
538859 13
956425 5
644221 9
992191 2
726287 13
785703 1
121221 10
88045 10
468599 10
312858 1
185225 13
25024 8
331171 1
204419 10
733114 11
635609 7
427435 4
736121 3
671984 2
141849 14
160422 13
316416 1
689685 1
530312 4
830142 1
213573 12
526405 3
927289 16
557032 4
146066 15
868621 3
229043 8
600919 10
992904 6
142587 6
972646 7
858076 14
532108 15
791563 14
417803 12
659953 11
288190 8
693432 3
78439 15
664913 2
832912 4
486902 11
848971 8
168536 6
275083 11
204165 12
309343 9
355976 6
139108 5
194352 8
851430 12
394512 1
110259 10
705755 3
370609 11
183568 2
994929 14
339019 3
789769 6
595466 1
676632 6
136901 2
762361 1
739838 3
444357 5
474044 8
521607 12
64411 12
978885 8
531548 11
677785 14
675338 3
179279 9
195412 8
842471 8
621410 4
972900 15
832877 10
69282 5
822445 15
636914 12
701716 5
242168 7
353738 9
881836 7
879606 2
473913 14
603738 4
482326 3
801307 8
815012 3
519407 12
306321 10
84666 8
672352 12
39955 10
52459 12
722702 14
381658 12
108480 8
836809 1
299222 2
848306 5
715703 11
418316 2
561984 11
836764 9
381663 12
526637 13
856523 5
57605 7
305974 2
537769 8
615580 9
619631 4
430068 4
606866 2
876510 14
999530 14
765711 5
31964 11
581142 15
896343 12
23555 3
811455 4
76206 15
852029 15
841285 3
224708 4
794593 9
113184 14
533811 4
958463 7
449715 7
874656 14
144070 7
331161 9
484159 8
399577 11
539914 8
103129 6
1543 14
745248 9
494442 1
268650 9
605858 6
411708 7
191587 12
589446 14
388087 1
958971 2
398715 13
451946 2
50920 8
162576 10
176930 5
930439 8
358610 2
446650 6
613459 15
288814 10
849893 10
527413 10
444761 4
144533 14
700735 11
983350 16
564675 4
138491 15
515151 16
148691 9
345924 3
213170 7
342479 14
119405 15
357023 11
378945 7
701474 10
479890 3
783950 11
431301 6
121113 11
648040 15
158978 10
218816 11
225672 16
961995 11
67307 10
101078 4
581550 8
913349 10
573 7
331303 11
721661 5
160698 8
148805 1
104341 7
269630 11
621458 11
342015 4
103615 5
796 6
270994 5
977523 12
488361 6
486075 8
367513 4
275586 12
658452 10
595459 6
488744 6
791942 4
378845 2
673701 13
944529 1
446242 3
166612 12
175066 2
960785 1
398751 3
728923 16
402765 13
931492 7
125385 1
690527 2
809993 16
442543 9
651610 3
781997 15
638817 3
563497 10
194790 8
889778 5
752585 16
189143 5
36021 10
809198 14
312908 14
610975 1
172571 16
7286 12
320690 3
646786 12
296466 10
967979 16
648094 3
550528 2
147324 5
77329 3
67237 16
254353 3
428206 7
327739 9
386168 15
847161 7
465179 7
626935 10
666131 14
985892 14
155791 2
402221 10
601582 9
642424 15
654384 9
379208 14
626051 8
277256 8
386734 1
747545 4
84981 14
274952 12
140197 12
805791 7
218222 4
715134 4
640154 5
477746 11
115607 7
517211 5
863363 8
932073 16
399842 6
340590 10
59829 6
801422 16
910252 2
985039 14
685 6
593695 1
751156 6
577979 12
639825 6
148817 11
411073 4
732832 8
738299 1
377862 11
779069 9
16672 1
485017 16
388570 6
189266 5
239455 8
197373 7
871046 14
168933 4
130859 8
440848 8
789642 1
66419 15
178675 15
995709 12
669445 14
601121 16
574559 11
132589 1
474376 4
997545 6
248725 1
479378 8
399758 15
768629 15
783211 3
689774 16
14390 10
484429 12
50476 3
396641 1
897405 3
17249 4
958576 15
14894 6
10194 2
670911 13
229160 14
879875 12
325269 11
755281 10
845753 5
457794 1
830184 7
908942 12
623952 3
845915 11
963075 16
295523 14
739192 11
827907 11
305922 7
902448 15
759319 12
761456 5
465210 10
575939 15
852994 2
109042 4
605074 2
506050 15
563996 1
603338 3
322781 9
539122 2
299313 8
710535 16
699899 8
182559 5
91767 10
5437 15
205617 12
800037 15
920349 2
407844 15
963053 4
663962 12
539282 1
63341 1
918563 5
479432 11
233118 1
256656 16
699378 8
623479 8
550336 4
168560 9
967638 3
344763 11
850312 11
395733 1
474017 6
19219 1
956129 16
903405 2
960339 16
375821 15
421161 6
793544 8
524217 10
707529 2
945371 5
618693 3
956624 16
528088 8
245823 2
868895 5
717545 8
123195 2
133855 4
671641 1
248616 15
752797 9
389839 11
160241 15
57854 12
902161 15
600293 11
180384 12
79893 5
300773 16
505609 9
930472 5
74743 10
81020 12
650928 7
580319 15
398425 2
784768 15
35893 11
430674 14
679952 1
271755 9
506235 14
960786 11
593370 12
989022 2
119161 2
22491 2
952051 5
52873 14
965887 14
781595 10
733283 7
1264 4
994161 3
248186 2
988092 13
941100 16
225441 2
259269 10
942297 6
346029 14
718040 6
758670 11
658219 16
815330 4
866983 13
578379 15
342020 3
132073 4
459146 11
232568 14
516948 5
213767 16
28128 6
591081 10
774764 16
271523 9
249843 6
49628 6
453195 3
155689 10
138589 13
293385 2
119956 13
735201 1
510837 3
426162 7
447395 10
664028 7
207939 2
35880 10
715868 14
362930 7
580599 14
215546 10
430475 13
426506 11
953008 10
125334 2
203978 10
695368 1
446817 4
817677 4
386396 15
793758 5
477484 9
836670 14
785213 16
376046 15
480103 8
299807 15
75505 2
169199 3
782011 10
245858 6
357660 13
647540 2
16741 5
847821 16
959532 13
752515 12
235114 9
788853 12
696143 11
636895 11
178763 3
945846 10
511032 4
349692 12
170511 8
975747 4
818129 5
681967 13
601197 1
479949 15
923715 1
998941 15
535753 2
417331 5
206827 7
808305 15
90127 3
452876 1
546551 14
199343 14
436587 6
647591 10
272483 14
346518 12
193422 4
849154 11
110638 7
551201 6
445732 8
873127 2
179688 7
872386 1
594769 13
416515 13
585508 12
618506 16
610981 8
16484 14
54957 6
633745 8
551209 8
605300 11
975985 2
738021 4
38211 13
408539 15
709754 7
17653 5
926607 3
350779 1
36877 7
776050 8
178823 1
836502 10
610640 3
71742 7
119541 3
28306 4
929730 15
775120 1
647484 12
779415 7
670959 13
247019 1
106777 10
129543 15
165167 11
75462 13
288633 16
592254 11
541554 11
876682 7
553756 10
751578 6
504973 5
518596 11
891903 5
708073 1
443172 12
162616 9
948221 9
799805 16
819104 1
715996 12
628682 14
321293 8
477257 3
324615 15
159390 2
471531 9
198896 13
278054 4
862712 12
231987 3
101514 12
948830 12
798163 10
305345 13
226072 11
918871 15
417768 15
735607 15
1575 6
336662 11
346452 8
668443 12
586122 10
692801 14
57006 7
46903 8
138260 16
31562 1
880068 10
346534 8
479364 2
691401 10
272363 6
449308 8
569021 7
575561 4
766397 6
296767 11
74454 7
954520 11
500630 15
232606 3
904956 13
334369 12
6672 8
622868 4
80780 8
862930 16
826241 10
206031 8
58267 16
656973 3
228911 9
504600 5
168456 9
840752 16
500273 10
456653 8
335901 4
213969 14
128516 8
438147 7
828053 2
478249 10
900679 13
438406 4
452190 10
255993 7
825017 16
670702 8
686893 10
34424 9
297463 5
436136 13
546445 2
763686 9
549590 10
584862 4
217751 11
658278 13
450819 14
412461 2
644887 1
917386 11
529202 13
671548 4
781844 13
253461 12
63519 7
953354 16
725563 8
211332 6
95715 8
796722 3
241186 5
122574 12
420507 2
479703 2
189686 12
741288 11
936926 16
760242 4
676152 13
721137 3
635803 11
328508 10
650868 9
684951 16
924899 5
203568 15
203820 10
211189 7
276936 2
38749 15
505658 13
607464 6
355498 4
518420 12
896202 13
436177 6
582428 4
148043 2
115760 16
294128 3
251123 6
852214 5
591406 5
968169 16
786611 11
748797 16
598041 11
16243 1
186751 9
74062 12
709716 8
929603 3
675838 2
369033 10
829601 9
185961 9
468644 7
393841 10
467211 15
3997 6
711085 6
530584 12
232435 11
777089 14
742702 6
343927 5
3999 3
130326 12
247360 12
13988 7
190624 5
734107 7
174752 9
642703 1
475833 3
657375 9
426991 12
700681 10
775659 2
96590 6
65940 1
312395 1
25584 13
771771 5
572929 3
912952 4
905417 3
374428 6
796162 3
939275 7
98635 13
729426 8
285129 16
854121 4
366547 15
511399 11
493474 4
824579 13
35658 11
350695 6
438544 7
26868 10
713704 8
932650 9
954566 16
94145 14
277615 4
946221 8
360589 12
819312 5
499335 12
710112 12
514164 3
108439 8
739792 14
697481 16
628252 2
435358 16
455955 4
260682 6
961103 4
751063 12
448934 5
554397 3
48841 3
926205 4
29477 2
160895 14
507167 7
3852 16
383348 10
202756 8
887770 6
973612 14
984548 10
761913 5
996698 3
69591 14
647783 4
666676 2
383024 3
156270 12
709651 11
543494 1
877373 1
72365 4
293827 3
856575 5
527465 8
765010 13
557378 15
538306 12
885651 7
180690 15
209831 13
96345 12
318004 11
626376 1
110057 15
519522 6
974791 4
249189 6
351782 5
168145 14
414687 2
556829 1
122254 4
951060 1
230254 14
678630 5
454582 8
313604 10
265875 14
419444 11
100644 14
876149 16
996077 7
940975 15
234607 7
14494 11
867719 8
94537 6
333856 8
465708 9
83303 7
666153 2
969660 1
223201 14
586225 4
703723 11
633266 8
373888 12
892756 7
554731 7
413896 6
456634 4
964676 5
305801 7
458090 5
55649 2
636497 9
479858 8
237186 11
737317 13
158828 2
675257 16
817131 10
163289 15
250029 13
628794 1
51735 13
699510 13
41516 16
887306 6
151118 5
159932 10
559901 4
572795 16
570317 12
113663 10
948508 10
428164 9
465086 2
423725 9
720205 7
91756 5
558732 14
358322 8
71587 11
666142 12
432388 1
904860 9
223274 3
846742 12
14379 5
856366 2
294493 14
805692 1
182831 16
248192 11
17599 11
995774 10
655481 2
575163 7
815560 16
49595 3
298868 2
515043 10
772063 2
779177 5
296345 5
385270 6
42908 16
362040 3
378761 1
817559 5
339989 4
476065 2
843506 13
294727 7
868051 16
755183 1
817208 8
641365 1
173033 4
423962 12
208065 13
196437 1
109220 14
775800 7
411791 6
840325 14
323740 14
269738 7
673972 13
400528 9
424113 14
611592 2
736811 6
138139 15
535842 4
599901 10
399713 4
93757 4
750854 16
730809 6
61936 8
5284 12
425889 15
775857 15
344308 9
456386 8
469899 5
680353 14
474732 2
953762 7
846411 16
997541 10
245125 13
181412 16
826689 4
407086 13
940843 11
7192 14
889686 4
868653 3
689434 4
53555 14
311311 16
646253 12
719335 5
732057 8
336385 14
553303 6
734489 10
75299 13
726205 8
562332 10
60664 4
53865 16
800491 4
829974 15
917947 12
514177 8
238709 5
56947 3
767013 2
835668 10
735441 10
41427 8
336221 5
57426 12
517499 1
37057 11
965901 4
920738 10
37269 11
583547 8
922854 8
235386 12
650215 13
653430 2
516701 16
255893 13
104942 13
703737 9
24901 13
73115 15
273717 7
282937 6
850650 2
310411 1
922854 10
20528 4
275734 12
281212 4
306909 12
545405 12
470187 5
789061 9
225292 16
500821 14
410477 5
799181 12
776317 4
139300 9
540590 10
812316 16
794233 5
855072 8
89782 10
200446 16
572127 16
101852 12
881479 11
719051 11
547986 14
948638 7
921627 16
650005 5
140436 9
392158 14
625268 7
431690 11
855751 2
870526 7
785949 2
546739 12
256761 2
48802 2
468878 11
363232 12
478560 2
341531 3
556879 11
955203 15
471091 10
84829 5
132263 10
496341 4
478378 1
90264 4
245797 7
25082 14
793227 16
313425 4
305192 10
705673 4
523994 10
299198 8
219607 2
865011 7
661690 15
445972 1
690163 15
874604 5
42693 15
531498 12
713347 3
450139 4
693278 6
201097 6
308558 15
690835 2
826216 5
149208 11
377311 3
94214 10
786739 15
706840 13
175565 5
38962 1
310863 11
690763 12
394981 12
346431 9
484376 4
536048 12
45248 14
332610 5
778029 11
660966 14
87680 10
999310 5
866772 6
801080 12
33318 3
882274 4
996897 12
893956 13
847508 2
741791 11
291647 11
139338 8
135735 7
683968 11
760490 10
697806 2
37030 11
689147 8
161504 15
430137 10
875781 8
908886 14
929130 5
314676 12
61803 15
591900 15
139328 3
264601 12
548919 3
851045 4
291568 3
417991 7
669209 3
751395 5
770123 15
245605 15
51643 4
951490 6
381652 14
480550 10
455702 16
581979 2
372029 7
364943 1
948376 3
378435 16
75802 11
701976 13
283391 14
758118 10
799016 3
674247 3
701502 14
146672 10
608910 12
126123 9
412443 1
834485 12
250885 4
833598 14
298806 1
180808 12
769119 4
978303 9
15463 14
678158 16
119944 9
986058 14
359494 13
452032 7
557498 1
532409 16
281763 16
517590 15
571563 16
59951 14
5006 5
534409 4
348107 2
824778 9
433084 16
44976 5
614115 10
406923 9
438862 15
543896 6
535052 10
39717 1
939737 1
876329 14
770286 16
946814 11
844312 14
62858 9
404566 1
333887 10
217028 12
198366 13
903781 8
644650 9
480463 4
87922 12
442770 8
492949 4
885571 16
502400 2
691462 15
759011 1
444241 8
723090 15
587997 10
525518 9
881670 15
656589 15
405702 7
918651 8
38489 14
611955 6
654635 12
466419 10
842151 6
991832 13
516780 13
685957 11
621695 1
872878 2
970653 16
240322 3
570670 1
566505 8
360460 16
764112 16
67312 11
325007 13
497082 10
116754 10
960244 11
47119 16
443346 9
202244 1
445098 10
2187 15
538468 5
271622 9
266757 13
799517 14
615228 2
281545 1
427371 14
327182 3
467934 14
142095 2
411884 5
38980 6
642265 14
263101 10
507504 8
3456 3
938391 5
870432 4
911251 2
367620 10
973046 5
433369 10
229294 4
443239 9
281955 14
77792 10
330060 12
820829 5
30667 9
557500 9
159174 12
954496 6
125150 8
746850 5
458822 5
379086 2
365315 14
401981 6
887540 9
475435 15
349968 10
518970 9
859161 4
382969 12
68857 11
253604 7
439928 9
761892 3
180713 10
369962 6
639211 12
396893 1
379193 15
605558 13
427339 11
580192 15
138237 5
869150 15
168239 6
698456 1
874294 3
601885 8
766298 10
78354 15
797268 14
237369 14
33058 15
598119 7
540587 2
982528 16
673596 4
345909 4
813929 13
480596 1
526779 16
387896 12
849939 1
321286 7
440366 16
150366 2
192936 13
527905 11
361399 9
779850 15
658307 6
741797 14
206259 7
923140 8
463590 14
407568 10
611800 5
956860 2
661827 2
709193 14
44787 1
91399 11
946216 2
361179 8
868428 5
481128 16
459516 8
420528 9
525103 8
728708 7
863127 4
154108 6
498322 16
951050 2
194573 16
953984 3
123212 1
753337 16
574244 2
884346 1
150167 5
273033 12
559844 6
299100 2
560750 11
355386 11
309818 8
604336 12
233953 8
857111 11
173811 12
325446 4
93916 2
494994 3
669341 6
722052 2
418975 4
617036 13
567674 5
382771 12
963751 4
356227 15
569063 5
904177 13
619430 4
135851 11
329758 3
870196 10
2690 3
913996 2
500509 6
837495 16
741179 8
919717 4
206753 14
69009 13
484504 5
993094 9
755741 15
94512 13
561317 9
547880 5
982309 3
918837 6
314591 3
196808 11
298804 9
269861 3
834235 3
123409 9
262994 16
22537 4
671352 13
395229 16
963733 2
890364 4
919580 7
144946 10
716955 2
145069 1
229616 8
167822 11
642708 16
159996 13
969977 13
892733 9
580105 9
762080 9
597980 5
192400 11
414860 10
979969 2
960578 7
532437 6
739016 7
836332 8
600644 6
357088 8
781766 13
598600 4
744403 11
177035 12
968584 6
185567 10
780971 11
575781 3
671805 13
161061 11
2675 16
52032 16
648107 12
629654 7
373318 14
904763 6
225202 13
29968 2
729271 1
658473 16
148012 4
338325 13
734928 16
774469 16
336530 8
204230 13
39163 8
495195 14
58819 16
489429 12
390866 14
602149 16
549530 2
303483 8
729997 12
407079 16
377284 9
240728 10
655527 10
765998 7
624815 5
270117 12
129717 9
729516 11
118083 9
802786 4
637292 2
486971 3
830260 2
560573 2
493857 15
90941 9
263452 10
953547 14
540268 16
144207 2
474245 7
56580 8
678599 13
730052 15
878374 6
9934 6
260708 2
608511 12
413531 9
315027 13
691693 3
932777 1
50464 13
105461 1
292505 12
587634 5
713465 8
881231 7
133335 4
400483 11
293378 4
667490 9
465236 16
304368 14
208140 2
332452 13
313101 11
167608 7
497326 15
192792 4
526019 11
84852 4
668782 10
176670 14
536874 3
271656 4
218692 2
480451 5
439480 14
519144 8
678525 2
648030 13
847232 7
553221 6
102125 3
764925 8
473585 12
247260 1
698909 3
585514 12
387470 16
504151 14
561690 10
742815 5
330519 9
832416 3
215922 3
502630 6
917732 3
489713 7
884439 7
782147 5
881478 6
603160 6
505798 7
193732 1
541651 12
307685 12
760891 3
226615 3
627478 13
110417 11
63023 5
246191 7
636809 16
470772 14
452888 14
909102 7
247219 16
469277 1
13998 6
650971 9
838092 1
414740 7
802107 9
497757 5
703818 10
429488 14
816955 1
223567 11
194549 5
56908 16
961281 6
434027 11
319419 16
985519 2
12879 6
267738 9
747426 3
177069 16
898766 6
786128 14
623358 9
366655 4
823116 16
812491 9
927235 15
911153 10
361793 15
441365 3
906565 12
174441 12
822133 6
411023 11
973138 3
597772 13
252889 15
466552 1
247327 5
9119 8
91681 9
471282 11
722635 5
236693 9
133394 15
158267 7
20420 7
532034 16
627970 1
622525 14
988423 3
404978 16
325099 7
205790 4
45066 7
772165 10
352122 2
957041 3
440095 3
167272 16
52334 10
587316 11
278037 3
161558 13
941538 7
683432 9
614522 8
682703 13
141646 10
444001 7
957806 2
796966 13
762859 10
274562 6
508435 10
619447 15
406257 7
36606 1
133909 11
920407 4
63355 14
919371 1
625926 15
497455 11
434368 7
856088 11
507995 3
882026 3
171202 2
208220 3
614541 2
645663 15
317353 4
124626 13
233493 7
146846 6
620299 2
129489 2
224540 16
129433 9
421776 15
432840 10
373822 1
963791 8
749593 11
515808 13
499274 2
228993 10
148539 3
345421 11
638629 6
581972 10
208003 6
793738 4
400458 15
650961 11
945825 3
790115 8
398997 14
839173 12
201958 4
844857 11
355696 3
348990 15
43191 3
82185 8
286420 1
822040 12
48861 9
380030 12
328690 6
55273 3
380661 9
74565 1
589951 15
634770 7
536455 2
205353 9
948012 15
929142 8
422174 3
571993 4
220624 13
687028 13
249438 4
23519 16
470465 3
557601 10
546834 11
390276 12
194156 14
676460 16
347279 10
416691 10
296691 13
387230 12
708986 5
258192 8
347474 15
418776 6
712244 9
383546 11
385537 2
447440 6
571380 14
892464 14
815205 11
451750 4
41812 4
914269 15
103977 3
430695 9
595191 13
738495 13
702786 11
355187 14
265582 10
369515 12
881807 10
714771 2
65008 9
595188 13
240691 2
433182 16
267956 13
935274 4
649927 3
593315 2
708835 11
336787 13
805396 15
749349 2
277495 12
629312 1
185266 16
281515 11
704302 4
365716 3
357258 9
719752 7
480866 11
735423 4
892536 4
145224 16
257782 12
920622 9
299054 12
201175 1
207381 11
31241 9
707906 6
541658 14
478097 5
66809 9
556466 3
635304 7
216353 12
623321 8
811898 1
611805 8
385491 15
553066 7
631986 9
140476 11
269271 9
539607 10
194618 13
430870 3
16164 13
700199 14
711423 4
578793 11
702041 13
221772 11
756912 15
244472 13
358924 6
914220 6
777588 4
235958 9
648066 5
927803 5
397180 3
311328 9
30662 2
8042 16
448459 12
754036 5
392276 7
255658 15
253316 12
273954 15
110919 3
164250 13
406918 12
31344 4
391685 2
253335 11
30545 2
734192 6
5510 4
767894 11
390231 4
116452 15
783010 6
861359 4
850021 4
804651 11
54582 13
396121 5
442079 14
299933 1
555574 14
599238 14
81857 15
985788 15
577115 11
594802 6
386290 13
72491 12
8597 7
427470 15
562399 15
790157 16
701221 4
867141 12
305065 1
11400 9
196207 3
575028 11
415339 6
600679 7
767050 5
73529 11
192181 4
24442 7
985764 12
248613 10
287630 8
954172 2
640196 8
26843 1
494885 11
317950 11
958887 16
163293 3
296213 1
432549 15
366517 8
99148 5
535589 14
23395 9
542671 13
768853 4
324454 15
940266 7
3293 4
39731 5
541115 16
587755 7
729520 14
446715 13
140134 13
369279 1
242991 14
252774 11
594374 16
698196 14
193913 4
865818 5
722063 12
804776 4
359019 8
223795 4
948707 3
216354 16
543649 16
643019 11
426663 5
406053 3
847142 11
482648 12
186446 10
569273 5
381314 12
675417 6
681582 13
481436 10
437053 9
282511 3
848125 14
614688 6
19589 9
514439 11
67913 3
40191 15
386340 9
469702 10
822713 1
697689 15
693919 9
563007 10
331170 14
622974 1
864524 4
963038 7
954681 8
88619 4
312797 15
246453 10
326347 15
326192 13
808462 12
623270 16
417661 16
811266 4
694525 5
523688 3
190347 15
285452 1
392757 1
899388 14
293461 16
133142 6
97471 15
339510 11
922051 3
515863 13
195431 7
341246 13
745505 4
162131 11
927332 1
604621 12
568794 1
614838 3
650594 12
455149 14
101515 15
537550 12
825865 3
427258 11
302226 11
16266 13
706835 7
595394 16
645922 12
886290 7
663608 14
609091 15
418209 11
481167 7
293486 12
114090 16
202384 1
22856 1
912207 13
478022 12
488214 8
127690 9
869832 15
138466 9
271857 11
121121 14
717197 12
151811 3
957851 7
385754 12
440942 4
995384 13
747536 4
63835 8
494472 12
360386 8
689924 12
989891 2
603084 2
192649 1
240229 10
141415 12
704570 15
514926 9
155641 4
148210 13
40526 9
824653 16
365906 2
259448 12
946031 5
305473 9
320227 9
107438 8
169341 15
566889 7
791503 9
13387 13
966902 8
21407 10
410031 10
805848 14
443734 2
507585 4
250848 1
672312 13
591904 5
965205 16
21042 5
606530 3
957138 15
762192 7
685614 15
285061 12
225684 12
266532 8
955524 1
670188 12
285341 15
266542 11
330392 15
197959 5
144601 13
316532 9
383684 11
876753 12
329051 8
209319 9
734313 6
288848 12
480647 7
464694 13
749921 3
392082 13
822970 16
453330 3
193538 14
811142 9
405596 8
342806 11
877412 4
628340 15
153383 5
252869 10
206029 16
106228 3
94810 6
169525 14
226760 15
336921 6
817320 14
325092 11
550929 12
234737 9
913768 9
336050 13
548007 13
557680 2
228515 9
524898 13
401366 3
217620 14
146370 3
930447 8
931858 10
448634 5
911037 6
503462 7
529806 16
955223 15
194224 8
497139 12
173440 2
655257 4
518363 14
365761 9
806157 3
300585 12
543528 8
686144 14
269823 5
517526 6
268171 10
854363 15
434399 11
764202 16
752306 8
110236 11
820805 5
219704 9
132727 3
35784 11
786837 9
166140 14
306663 1
58558 13
188168 10
444073 16
81963 1
61505 12
615393 12
412009 10
617600 4
15326 9
133736 14
23732 9
602381 15
787262 4
845229 2
460322 7
578985 4
434565 10
145553 12
107741 5
658568 9
545390 7
635781 13
812597 7
836705 4
15206 7
721576 1
230506 5
631977 5
540657 1
857112 12
490841 4
853625 6
807276 6
649821 7
186502 5
64947 5
700937 13
374025 12
216717 3
581564 15
889083 15
464496 14
179777 5
966554 14
195962 7
680622 8
632255 10
624212 6
881996 16
173730 4
753848 12
324546 9
52108 16
543752 3
782059 5
176208 5
25257 1
573604 11
903826 12
458940 2
964997 12
614091 4
390372 1
469205 9
33229 3
395136 4
807555 7
703676 13
142779 12
454319 14
834223 7
256287 12
562594 1
701974 5
936015 1
13711 9
17562 7
889618 13
858449 2
725461 10
66038 3
903818 11
756547 2
741624 10
506634 15
552664 12
905623 13
939030 13
151688 13
611151 5
221525 10
250723 16
181009 15
984969 3
540229 6
697713 4
993094 15
582253 9
274885 8
473428 1
846555 10
143873 12
869479 9
31489 10
894328 8
873207 16
288826 14
729461 14
434411 6
964785 11
614780 3
509011 10
749182 11
465401 11
942577 15
792739 12
308602 12
667048 13
20486 14
814282 5
5957 4
946107 15
976325 9
689274 13
581394 7
656481 3
283181 3
291364 1
12598 3
665760 8
219637 5
190348 5
105854 15
815574 8
716481 8
945909 13
27193 12
587651 15
18012 12
260317 6
627250 3
968113 15
429042 3
525300 3
472188 14
265145 4
624824 5
673454 7
14339 2
465176 11
546445 9
60470 3
771990 15
146884 13
615267 7
641613 4
663610 13
272616 13
357873 15
985743 1
991109 5
466155 4
842575 10
539274 15
942213 3
931442 8
427608 9
245178 5
68202 8
315923 15
927126 10
90320 12
632316 12
459210 8
271391 7
785355 14
284917 12
680249 3
660538 3
147280 15
306445 6
897588 14
189600 8
29209 8
368953 9
449016 9
819437 1
54547 14
220538 10
263458 1
597727 16
379365 12
990330 10
779219 4
910284 5
581548 4
717252 14
258178 11
186365 14
265578 13
869448 1
948928 13
679633 6
49893 16
384185 10
902031 13
468839 8
193444 7
12269 9
672941 2
570859 4
283839 6
250690 13
294284 3
252339 16
900046 15
242722 9
429688 9
130684 14
984934 2
817768 7
703938 12
102606 7
812279 16
276332 4
105937 1
870470 9
362231 11
998403 8
649773 10
307593 16
675868 1
97021 16
275840 12
699364 1
421443 8
462883 10
889295 9
686413 9
305943 8
261144 11
11750 15
911284 13
865729 7
181689 8
642123 15
716537 16
483215 5
960862 6
58242 7
968516 11
973889 14
321109 9
941974 9
408557 9
631973 2
33011 7
216210 10
778362 14
758685 12
116225 1
118344 7
514242 11
515686 1
189563 11
504327 12
81383 13
348370 11
307380 1
606374 3
514673 12
141551 16
26334 10
94045 16
739880 14
936066 10
260818 15
592448 10
535919 1
814668 5
299811 3
732768 7
674923 5
844797 8
465722 16
788125 1
650087 9
6379 14
318012 3
101070 9
235000 1
581012 7
482059 8
858569 12
243642 2
362737 16
492362 8
79028 6
630220 14
571144 5
526382 13
940099 11
296619 15
155408 11
223155 9
797138 7
606867 10
938769 11
732844 5
697082 14
332902 2
937662 1
802316 11
516531 5
984307 14
43170 5
676796 6
269255 4
643812 13
526503 1
142577 11
511007 11
763566 11
921040 13
306781 9
265890 13
759094 16
491541 12
632581 6
214714 1
987528 15
762635 6
232680 2
313138 6
899525 5
694399 6
152639 14
616742 13
177064 4
52497 13
52393 1
214460 14
405938 6
827051 5
354683 11
352435 16
197579 14
927660 1
387735 14
672692 8
635508 2
942918 7
810765 16
476401 8
952029 6
955484 3
512556 11
783004 11
190488 11
437267 3
778577 9
999269 11
883527 15
513563 3
829293 10
466634 9
496605 4
328142 11
202065 13
970860 11
530956 10
167195 3
434092 2
104792 8
724092 4
823044 1
812027 9
494513 8
543882 5
619613 14
138457 14
536203 3
803025 7
790213 8
147022 14
984955 7
49099 2
5975 6
987836 1
193628 1
251649 8
649497 16
345355 7
900610 2
673664 10
812068 13
817037 4
389975 9
400967 14
171613 14
118681 3
279635 3
161656 15
166705 5
735723 7
837758 9
599162 11
19457 13
641502 3
540084 15
801892 11
590659 4
919299 7
709678 4
94458 14
502416 10
9967 15
247886 8
274466 8
149879 11
59198 3
900266 8
574871 7
831429 12
148393 8
265350 5
627117 4
283753 5
152055 2
47523 13
416935 7
203552 11
712495 14
311528 15
417802 14
230579 4
203615 3
643783 13
109503 2
701905 8
161597 10
171553 11
424671 15
425848 9
366380 11
178234 5
82129 10
336283 4
26929 4
998754 12
557785 15
898076 15
75859 8
345835 12
798272 10
263907 1
460162 6
20197 1
908640 15
250027 15
115660 4
144889 4
685405 1
645819 12
617933 1
140307 1
890982 12
168361 16
187626 15
597702 4
530045 11
337143 7
526385 4
348141 10
545081 4
93691 9
32223 10
263412 7
78071 4
681302 11
450118 13
702132 8
632917 12
757492 9
287506 12
299147 2
351964 15
331766 12
643152 3
316356 2
494096 1
89740 14
816351 3
453429 1
209076 5
59745 3
206899 14
121251 6
366114 2
118918 7
375285 8
444719 8
22619 16
656557 14
92532 1
545036 3
564495 16
155320 11
524790 8
981805 2
631919 6
671584 6
864591 13
517920 13
882933 2
155516 11
21640 6
309737 1
64176 10
770913 8
635617 7
893146 10
563897 1
258775 13
475195 16
793951 6
694955 12
476448 3
189928 15
634744 16
516954 6
596342 14
92922 4
856518 15
834814 5
655177 4
406426 15
244823 12
439778 14
854683 12
848485 6
571533 16
146156 11
349676 7
763561 16
112133 16
521695 8
753272 16
548404 6
336640 16
287946 5
451461 9
967426 13
663373 13
862631 15
227381 5
12411 12
546078 15
871529 12
541603 15
426457 12
849159 16
606402 3
880962 6
245077 11
326759 2
265427 7
848832 15
460382 4
644388 9
472522 11
11106 10
177273 10
65738 4
964011 2
639608 11
630218 8
805374 6
866626 8
544519 3
993030 8
995447 14
78776 10
399768 15
986629 1
496934 11
846355 3
333844 7
882221 1
235487 4
18709 7
859027 11
189194 4
993057 5
456519 16
696657 9
906922 13
946189 1
713872 10
437735 11
746718 2
565384 14
27741 3
818225 14
518267 14
507364 15
441117 9
416969 5
332786 15
637915 9
687139 10
824352 5
697275 9
645721 6
884899 10
188778 6
883213 3
373536 8
681308 11
904573 2
59451 9
715725 10
269902 14
145566 11
700272 4
416552 8
607522 12
846421 12
51342 13
559426 11
758155 6
763777 15
948835 4
655186 5
298039 8
124183 10
299491 13
421681 8
145006 3
858911 1
715212 10
567255 13
66640 6
366587 9
833862 5
705721 9
901666 14
807644 3
639378 6
621750 6
317985 10
639554 5
497045 11
331367 1
504731 5
609846 5
523079 16
405190 5
529065 12
387124 9
232149 14
728110 15
156021 2
519434 16
79416 2
606777 3
377131 5
653759 16
966537 6
82893 6
588727 9
177138 13
101334 9
820394 7
468695 8
685441 11
743790 7
492699 12
862362 16
212098 2
915533 9
13594 1
958806 11
120166 16
909652 7
221923 14
926326 16
865654 1
944415 14
229919 13
381930 1
467743 16
758237 1
183830 10
655385 13
962454 3
353951 10
299229 2
34125 3
88613 14
852585 13
438458 14
567446 6
234647 2
658759 15
297993 7
310021 3
75933 5
49390 13
419435 12
486456 14
884129 7
535052 6
45554 6
277448 13
434777 6
843384 3
212896 9
201359 13
267791 4
96284 4
379396 11
141714 4
173011 1
443409 2
676037 7
107346 2
818409 16
568766 8
850841 9
630733 1
389729 3
339993 5
31705 8
373401 2
316524 9
172551 8
713861 6
270753 1
799201 13
58886 1
770073 8
54025 7
19202 14
773004 1
536747 13
179054 1
914572 11
970913 10
101195 11
732176 12
842589 11
481705 9
45441 9
325476 12
167097 4
320305 9
929086 8
225414 16
43788 9
864422 7
405681 2
42133 9
809935 3
577184 13
75286 9
217669 13
75019 15
914516 11
310836 5
171369 4
411678 8
725203 9
476889 6
305279 13
446614 16
992884 4
129147 8
761779 13
304704 13
447330 1
119394 15
102730 16
665047 2
396571 11
22696 4
580435 15
515370 9
463076 6
178918 4
339237 9
382026 8
903001 13
612757 2
728209 5
305078 7
478509 14
144679 6
391114 1
662604 11
668807 14
101579 13
946848 9
660255 15
66449 8
35813 1
55194 9
365489 13
414209 4
821432 13
179704 10
570747 11
4116 9
309193 10
804947 3
779467 12
214316 6
823685 13
708343 3
247635 14
246497 4
53968 1
901138 3
139947 15
313483 1
889421 5
198426 15
6513 4
191979 6
624928 9
699763 2
961080 10
939308 13
936306 14
319528 12
281884 14
707059 8
81974 11
526644 16
702017 4
110507 2
693299 13
169350 16
437768 11
969997 6
435659 11
559670 7
991092 15
277805 2
94347 10
745055 5
251869 1
824382 8
592264 9
740219 5
704579 2
306919 13
783125 8
362497 16
698012 11
220103 16
467415 11
22826 4
482021 4
433088 5
427704 12
888562 4
324889 16
745985 10
796400 8
719385 11
399152 16
706596 12
398027 10
14308 3
43422 14
652961 7
527792 2
435317 13
515258 14
973970 9
86782 10
333721 8
960482 12
159356 16
825582 10
104714 13
44877 14
139971 11
747758 7
132165 9
956344 7
514313 5
287951 13
436787 10
324321 5
672925 5
200306 10
614852 11
869558 6
720612 14
805208 6
181125 10
491306 8
965057 7
636361 15
862202 8
663556 10
981173 11
465537 7
767336 10
287886 6
977642 8
786574 16
672726 5
744223 2
532174 14
86371 3
297989 4
47725 4
489318 15
231200 6
624891 13
99443 2
116285 15
625584 13
330920 15
499495 1
815409 14
533500 3
569298 15
796671 2
620517 7
154308 14
443992 9
349711 14
556647 1
711076 9
651832 5
690241 15
919479 16
893987 2
824106 15
695078 14
288892 13
779954 16
417659 4
685565 14
660038 10
134948 2
771598 8
888927 10
777291 9
138048 12
964072 9
257447 5
829298 4
937351 4
689381 6
487470 16
469233 4
103156 15
406990 5
987915 4
133360 8
325809 3
634478 3
405920 11
675258 7
951952 8
570768 6
907368 12
61980 6
873214 1
691900 7
611935 14
76707 2
988043 12
627151 12
710579 6
498605 14
534543 12
546144 13
975712 13
268062 13
130159 16
618488 2
912141 14
77343 14
511879 1
904924 16
9720 3
336330 16
45544 12
913907 11
859026 2
365076 7
932219 5
667049 13
914185 2
997737 14
386655 8
107169 7
670791 7
181072 10
353314 3
521282 1
902330 5
656217 15
830909 7
977655 13
967269 15
421080 15
822691 11
483121 11
900603 5
793818 6
258498 1
326710 3
169390 3
29693 16
819357 7
289181 15
936895 15
101323 14
963594 10
64155 12
166529 11
62231 6
517295 10
30637 11
598195 11
139643 8
337706 16
845477 12
976382 4
206424 9
795997 8
534206 2
602960 16
272582 15
798675 8
774860 5
628886 14
245068 7
25300 8
68837 2
838258 14
683576 6
89408 14
865362 14
579438 3
602229 9
27156 10
62065 16
612845 9
869005 1
990937 16
111537 7
133969 10
755242 15
85607 10
819563 8
738454 3
56933 13
785495 3
837460 12
481640 7
629891 10
434415 12
890615 10
651507 11
756419 7
469913 2
832928 10
291153 1
958376 2
942408 10
158268 2
921077 7
6208 13
250873 6
545928 14
95579 11
788756 2
152080 16
219216 1
584175 9
618313 12
749872 3
481924 7
846374 14
506897 2
774404 10
875495 3
954760 10
892363 13
58269 4
327760 15
346599 8
728338 1
497332 4
794944 15
842760 11
418340 5
587307 8
74936 5
227304 7
851217 12
880552 4
330102 10
907675 10
173071 1
541 8
477021 15
152818 6
990010 4
693448 14
200491 14
685752 13
626557 2
22199 13
663016 15
659549 15
313439 5
250482 4
829489 4
229368 12
478599 10
263837 16
746445 12
824296 15
645976 13
999569 5
469286 2
696283 6
610158 15
639381 14
458324 1
712195 12
177061 11
861677 6
493282 15
573646 14
901900 2
473280 8
511338 6
516347 6
396901 5
449673 1
162827 6
363073 15
551369 14
23841 16
530010 6
309232 15
488758 6
38325 6
869164 5
684288 5
97280 1
533888 4
878747 11
110910 7
557907 11
809009 1
77106 8
299857 14
130739 2
490251 16
949484 16
545799 11
430440 1
542575 6
208530 12
15920 13
988831 7
504612 1
60001 14
