2523
187649 14
117955 15
545832 14
969185 16
48580 8
829158 14
544041 6
641531 6
231772 15
130846 14
98892 10
723059 13
165435 8
999554 5
683481 3
660525 2
148637 9
797266 15
690736 11
108182 8
170988 2
977382 4
106398 7
211239 8
523750 4
733129 15
726964 6
206537 5
467967 7
120048 15
458462 1
990352 14
526200 10
222080 6
924430 13
958997 12
850256 6
953516 13
734889 11
592934 12
980123 1
422423 12
605378 4
546237 10
480880 2
207212 14
669772 3
786862 4
639617 15
27899 1
232316 9
774755 1
523181 15
44150 13
974534 6
227603 7
659203 8
414860 6
945051 6
820536 12
606475 10
996327 14
284747 8
641039 9
133978 7
245136 10
229468 6
922959 4
258719 13
98822 13
274001 2
457180 5
769429 13
29723 3
199308 11
528239 15
398326 2
54873 11
796306 4
68437 7
120991 1
676506 1
965503 15
962880 15
677260 14
389459 6
548759 2
231317 3
397323 14
527444 7
450303 2
877418 9
981775 1
712654 5
877981 8
698466 16
381713 16
964442 11
858497 4
467217 6
772718 12
614839 8
655751 5
852023 11
115539 8
70921 16
257371 2
522101 15
800811 3
39508 10
332473 14
747953 15
78548 5
910151 1
667765 16
18414 7
406798 15
53320 3
932381 7
989844 14
617855 3
733794 10
846937 14
831902 6
205725 4
316716 10
564779 6
761853 15
302348 9
789150 5
988730 7
219003 10
792082 1
678133 4
54919 13
778523 5
432567 7
60906 3
514697 2
563101 9
852509 3
825569 13
442160 10
543108 11
454284 13
112234 3
900667 15
29936 2
192919 7
618304 14
443998 2
995594 8
437659 15
376278 7
195727 4
831722 12
54742 1
815967 16
888306 5
18046 2
62910 7
610823 13
868213 7
632599 6
183096 4
306636 2
589317 8
641090 1
395506 4
208398 7
397694 10
947790 1
973046 14
165782 2
815570 6
504241 16
512324 10
96823 8
762208 14
399994 14
982197 7
632616 10
344755 7
789928 4
603165 9
972722 13
4866 10
989007 11
813875 6
899781 1
890480 5
259477 6
342311 10
921348 15
659448 13
713742 16
62212 1
733481 13
603434 14
546591 8
109174 13
24033 9
114185 11
960280 12
442992 10
818124 10
115587 14
339826 2
617631 3
317830 16
46338 9
748061 6
405592 7
412348 9
854529 16
417405 11
639162 12
501900 16
737883 4
400920 3
413350 16
933325 9
236138 10
144595 13
881113 16
123741 1
85232 10
970698 12
138586 16
589251 16
780113 2
241854 3
549075 14
288382 16
50354 15
736371 12
90278 14
605311 6
795689 2
356007 14
454883 1
85482 15
374291 11
496183 4
368002 16
527242 6
981419 15
362230 2
104614 8
757882 8
85441 15
10603 13
491479 7
392753 7
896268 2
468641 13
221463 13
606007 10
307385 5
293233 16
79643 3
12961 9
264014 5
175427 5
603880 5
883590 4
832957 11
795385 6
63423 2
709987 11
183745 10
370332 14
252939 1
603872 14
164293 9
452637 5
556486 12
56116 12
435465 10
62548 16
948331 8
457501 4
652092 6
807576 12
819498 4
187653 1
438273 5
497445 3
352551 2
753108 11
759498 13
402830 16
351212 7
396189 7
62204 10
683118 2
187371 12
160937 10
464472 11
95451 4
513933 12
419613 2
200884 8
3005 13
683458 11
633695 2
354663 16
732517 2
298427 12
250808 3
415500 3
564676 13
564383 6
125298 2
695115 6
404899 7
20485 11
21569 2
110794 3
509334 6
957692 3
49113 2
972075 9
762650 3
445818 3
6186 8
181568 3
853025 11
862167 16
256230 4
102326 8
511421 9
309785 14
911720 13
179961 9
481308 5
81109 16
464356 11
456229 2
45021 3
786380 2
454204 7
941641 14
68782 2
695604 9
299103 4
102566 12
241491 8
724230 7
543561 10
73443 7
638407 6
79124 12
667841 5
436949 15
460258 14
133045 4
231590 11
786390 8
773859 7
883822 1
450769 3
829352 3
392373 9
504243 16
933996 15
552074 5
414870 12
806944 10
498220 8
402003 6
539386 12
263368 16
477863 11
497282 5
953279 7
121032 5
667899 4
149423 16
282024 6
934217 16
769836 15
982257 4
293412 3
352762 7
438162 11
311296 12
152766 4
155025 13
374861 9
825862 9
60842 8
173283 7
881124 15
45815 12
536251 10
610049 11
477577 1
461126 7
357304 8
429710 10
496737 1
773848 14
958936 16
493451 8
214203 16
592016 15
389078 4
384342 12
852948 6
451563 10
348522 11
321322 7
459029 12
451509 3
50071 2
416170 3
169057 1
184610 15
818047 14
71392 8
453559 10
195553 2
79986 9
365834 3
697235 2
286837 8
330598 1
759319 14
949990 16
688379 15
424713 10
483426 4
62469 7
240087 14
833005 2
233161 9
166695 4
443065 3
728666 2
152960 4
556338 5
906692 14
269165 5
96292 14
82034 6
992814 16
764134 3
543104 4
980046 4
671632 6
561692 7
208156 13
820913 15
561918 9
288846 10
547640 12
487567 12
18269 14
22687 7
139823 10
285371 16
271127 10
358770 6
800504 1
682132 12
155421 2
513840 11
485642 8
523139 2
592004 10
389478 11
143423 4
340375 3
631332 3
67506 14
633197 2
869471 12
157111 2
865310 1
350980 8
552699 4
246821 9
440680 5
151938 7
631772 9
166395 11
785947 10
830571 5
167452 7
619382 3
261331 10
561733 1
144816 10
201781 8
498502 10
120573 5
152776 8
228451 8
370967 12
686369 9
997426 6
540333 16
979963 11
493385 8
705792 13
749101 8
819189 15
797026 5
92174 5
77952 12
45613 11
185792 7
188643 16
621933 11
748315 2
74563 12
991199 13
943642 13
500976 15
857748 12
950613 7
725735 11
264075 5
88975 11
802069 14
228561 7
900457 10
797017 6
188944 4
128976 13
708082 5
321398 2
564060 5
680143 16
830991 13
982107 4
181599 9
579564 5
714827 16
307688 4
840993 6
513005 12
145123 8
385000 15
930253 16
710449 14
555197 9
704174 16
529632 4
784290 16
868196 6
550714 3
260612 11
499376 2
401517 5
775379 14
882189 13
447037 7
995810 7
33509 16
305158 16
680650 8
214532 11
909315 8
150029 14
368964 12
288646 14
303116 16
577438 12
359696 15
481898 4
239187 7
711439 1
352706 7
79680 4
847194 12
507849 5
118146 8
879108 8
372642 1
688988 12
382673 7
689840 2
441081 6
40953 12
555994 6
147190 7
97414 13
58966 9
674900 12
367292 12
510814 11
173601 11
922754 5
775278 11
830489 11
657852 13
193027 10
523281 5
346461 15
267907 2
773463 1
829755 6
877632 10
824962 11
30265 11
522107 3
723125 5
885488 7
538095 2
512185 8
645592 16
522283 14
179024 5
321775 4
957747 6
904882 4
158821 6
44796 4
306536 14
224423 14
578920 8
521671 9
250464 3
565439 10
355509 11
978546 1
228165 15
107971 14
740026 3
700965 12
320530 12
444558 8
643680 1
460844 3
72619 4
753492 13
974299 10
435774 1
451357 11
557491 3
155915 2
261318 9
472560 12
363975 13
305263 11
11402 16
990212 11
517039 6
544922 2
95187 14
868344 3
612274 3
566854 2
138779 1
250679 14
579617 4
238419 13
141386 1
320081 15
711225 4
340790 4
186730 16
222116 14
884416 16
669141 8
977591 3
313483 11
182367 6
723963 13
754513 3
584074 15
345623 13
643992 3
430828 4
468615 12
25204 4
242148 9
760242 6
610918 14
258263 15
118523 3
304518 10
318225 16
60547 6
993743 13
497627 1
951848 8
804210 6
202600 12
498751 8
851734 12
868591 9
320753 8
779851 4
533502 12
391989 5
724810 8
555475 1
685814 2
766854 11
476983 3
365339 16
331510 6
280214 1
185004 16
374701 6
469257 8
885207 3
952873 14
950966 14
390051 9
131311 7
773282 12
355549 5
792003 3
452308 4
530740 9
481842 4
573910 8
296151 8
513972 9
472054 13
102083 10
393942 12
225097 7
417386 7
341841 12
960976 9
858164 8
143930 2
782598 14
323023 2
851016 2
189928 16
916423 2
917354 11
302951 9
820295 11
807020 1
14126 9
625357 3
141581 12
334274 14
841176 14
555791 12
948529 10
994748 7
246191 12
412344 15
730722 14
202826 10
102889 5
889027 16
438241 14
90379 5
836638 8
388768 10
554900 10
66928 3
962522 7
941300 9
59157 5
603845 2
670766 7
299432 16
523943 11
139217 10
168309 5
227443 8
993217 14
271470 10
745904 16
670228 7
896464 6
155789 1
275630 6
12144 14
256990 3
55877 7
517427 10
581063 5
786321 3
259656 9
319324 5
972625 1
572704 2
95672 3
187686 7
643982 4
557109 3
518890 15
120635 14
942564 10
714754 12
811467 3
284058 7
533180 8
364069 12
212005 10
241454 16
193294 15
264856 1
184596 16
269558 3
937567 6
553810 3
275792 15
60558 1
891724 3
284919 13
349225 2
657731 13
781698 7
512327 11
917027 14
986207 8
867544 5
8413 15
670463 2
43779 7
735014 5
290683 2
327472 1
502019 4
654825 6
325947 5
703902 5
685512 16
777470 3
728351 1
440313 4
214299 12
186043 13
312073 11
492907 5
956391 10
225440 4
387974 12
852163 3
824693 13
856390 13
400212 4
141365 7
436972 2
703019 14
546969 2
919381 8
484105 1
958811 8
820017 11
341518 13
336836 2
331782 1
552866 7
729609 16
533066 14
822388 9
155911 9
640184 4
520732 8
139566 7
249910 11
641820 11
969841 5
365531 9
319872 6
221596 12
963290 5
580591 9
4511 10
958797 9
447631 11
587924 15
487309 5
884790 11
723806 10
971233 3
573372 14
254560 11
637587 12
599035 15
186401 15
827730 2
446267 11
955720 2
890096 3
380918 6
471737 5
356674 6
23566 3
732990 3
441969 4
875897 1
813529 4
190869 7
669445 2
47933 7
661052 14
616470 11
377084 11
597680 9
936846 4
968410 2
8090 9
310271 14
427256 7
336130 8
115274 3
856145 5
326008 16
274130 12
807780 16
330099 1
391277 4
957179 7
30620 6
674202 2
303017 14
870322 10
557927 5
204788 6
18757 8
670839 9
753163 8
142118 7
247632 14
713898 4
451708 7
755023 5
871283 1
770993 8
240849 3
458845 9
143035 3
768575 4
636143 9
400590 14
874045 4
179901 13
250921 6
636668 10
811016 6
329125 5
373418 14
615692 2
257604 13
323784 14
42789 3
572330 13
571638 16
202554 11
671705 8
18651 2
234731 2
641566 5
297029 4
222053 9
148459 3
901941 3
672028 14
827507 6
955719 9
35858 1
75835 1
657726 9
35671 2
704965 7
785716 2
171654 11
63708 11
398233 6
507181 14
525047 3
712714 10
651395 15
883864 10
140113 6
629370 5
459910 4
293698 15
800905 2
854553 1
950983 13
183567 13
178037 16
725449 6
870347 5
66373 16
134372 5
702777 12
506311 14
246986 14
7331 12
731851 10
465245 6
81541 13
133912 14
230012 13
436539 11
722823 9
62092 5
801373 11
814455 4
704227 8
517672 13
195279 8
301695 13
250118 9
618541 16
113231 8
355501 15
821405 1
269505 2
360957 14
85795 7
767442 13
828844 7
871742 12
585549 3
525645 14
361903 16
418056 1
673856 7
955584 5
724250 12
584835 12
574744 7
858407 4
906396 14
667478 9
13719 15
446195 1
449615 15
862980 2
453367 6
17824 10
626115 10
832592 7
924646 1
901214 16
765162 15
884539 6
847891 15
27203 3
81573 7
882637 2
115393 3
295493 3
68237 14
986457 4
326658 1
908783 8
616065 13
150594 9
177029 12
184774 16
530885 3
319902 15
134470 14
787002 12
941611 11
884898 10
691311 4
17484 2
54932 5
986987 13
697675 16
737050 8
7594 16
57260 7
959956 2
322437 4
130304 11
754678 12
461909 7
399728 13
308453 3
284599 8
872051 14
733318 15
465117 16
282096 3
443051 13
537494 3
467407 14
50187 15
777607 7
828149 15
442446 1
502776 4
806373 10
523673 15
928869 6
913738 8
716677 13
461229 8
319971 2
313028 1
957980 13
168969 9
289616 16
22215 16
504215 2
316588 11
866327 2
800854 11
614572 9
540065 5
811839 15
572945 11
682475 2
729285 16
788814 4
897028 15
930051 12
200795 16
323180 8
717108 1
457335 12
612602 2
677511 16
354298 9
687430 12
488367 3
64835 11
851173 6
906794 10
18097 12
691469 14
952685 2
220236 8
151778 5
226617 1
692832 1
618134 3
431219 1
339031 8
455624 1
702748 14
790532 12
54181 6
217345 8
445365 5
781099 15
216038 14
17556 15
514855 14
477643 15
794973 11
493919 5
194742 8
258625 6
250050 3
224569 14
36081 4
912652 14
320199 11
680955 13
353018 14
86274 2
353323 11
47822 4
398687 12
24624 8
863632 4
44716 8
718322 15
551753 14
833732 15
17010 13
553141 16
180556 4
438901 4
713587 10
767754 4
900661 7
929496 14
839679 3
242405 5
424431 15
954887 13
839702 15
194206 12
101586 15
825617 5
83478 6
353497 5
480210 8
807530 1
434201 5
423722 4
503199 13
141267 12
299282 11
15686 6
224386 3
101854 2
99680 2
801366 7
702165 1
374831 15
649003 7
385090 5
452851 3
221069 16
986602 4
511513 13
446161 3
691642 10
564423 9
646539 4
100625 14
244966 12
80923 15
258004 13
87876 2
904420 8
254385 13
626889 3
62869 6
16730 9
63894 6
992331 14
157482 11
475150 15
90030 16
902665 10
830343 12
19981 9
335725 14
383744 10
743052 13
841691 3
343020 16
603329 11
554849 13
527927 4
695005 15
840784 16
981769 13
699066 11
995836 3
501644 9
76892 10
934773 6
575236 13
18025 11
633167 7
591476 6
395567 2
61521 12
273553 11
980884 16
620543 12
268190 5
588079 16
203469 7
636295 7
164729 11
556022 15
341942 5
28719 5
883233 6
894961 11
180107 8
572670 7
864440 10
475435 10
25863 14
743984 14
602713 13
831775 1
576622 11
585819 16
309225 5
819757 8
772088 1
759681 1
113876 11
293498 15
584230 1
502460 2
91400 7
720181 4
741355 4
219437 16
767349 12
916589 9
281152 1
443809 16
440499 13
577866 10
467140 15
77528 4
428751 11
770227 7
153533 8
976032 6
627112 12
59930 1
661753 10
176810 16
679879 13
188528 5
798247 14
475481 1
393214 2
388694 5
797535 5
858413 12
159667 10
386202 14
346230 2
615847 1
717292 16
705755 13
627262 1
380702 5
901660 13
613119 14
198540 4
161610 8
493736 1
546555 5
21708 11
141094 2
516911 11
351073 1
909443 5
113164 2
619166 9
630572 5
817386 6
544118 14
783067 3
237106 13
889771 10
746492 7
495760 16
427771 7
36767 4
220533 13
766834 5
983154 8
744905 14
115908 4
65221 9
874240 4
134072 16
26871 13
795307 10
812838 15
419303 3
41035 7
855411 5
556558 14
414619 11
283477 10
526992 3
984917 16
753800 5
120924 3
881628 3
214832 3
858058 11
552213 9
375337 7
960578 10
991325 8
652735 9
136417 10
231681 8
995465 13
373760 8
796476 14
921334 9
644309 14
553264 11
871723 15
640958 11
719702 7
5400 14
840999 2
790386 6
316502 3
819928 3
368517 15
500162 8
673752 16
673257 13
938750 9
980218 10
601659 14
48130 10
232009 14
364285 13
248804 4
18453 3
727830 11
199192 16
81075 13
316988 3
360936 12
879041 9
532242 15
999214 6
289180 10
745511 2
563252 8
480062 2
6485 15
64592 6
904612 2
859209 11
388179 4
868308 6
301659 16
877033 8
579543 3
337068 1
515189 10
844371 5
484431 14
481053 10
756702 12
74746 8
152899 2
119632 14
400596 10
381173 1
841805 14
51958 13
603363 11
406318 6
904896 2
116154 14
702885 13
219818 13
136339 7
991660 2
679779 2
249039 16
520473 15
675414 6
494633 9
253249 3
429438 7
591143 10
561706 7
625629 14
14439 4
581990 16
700045 8
88023 3
108653 13
588041 12
44616 3
921634 16
452137 13
122329 1
566641 13
368584 16
737939 4
948769 5
891863 5
551724 14
205880 6
770125 14
203582 13
120252 12
959302 10
146012 15
635464 14
118786 1
97255 13
850550 6
308525 1
274673 1
7824 6
802647 11
502356 11
957961 9
328676 5
766202 5
817333 14
420253 5
188756 3
904008 8
133623 14
444456 3
826799 10
899490 2
974813 16
616015 7
787824 13
278102 15
213739 12
255060 16
896785 6
954172 4
470283 9
316684 1
680617 16
350532 1
34026 3
397423 16
466847 10
914472 14
676998 7
568206 2
902804 1
860891 3
423859 1
145238 6
174117 2
193916 14
371592 15
942191 7
823693 3
828893 3
421635 8
781762 14
946686 16
766746 6
880722 9
61752 12
816456 5
122788 10
808068 2
826103 3
774442 4
122824 2
535029 2
142188 16
519768 1
456345 2
367008 11
6802 5
127292 14
77390 11
987357 4
917380 12
360111 2
761248 4
157364 2
868922 1
269169 14
629944 13
667187 14
823295 5
702772 13
283015 6
633138 3
212291 12
400706 15
363327 8
569607 12
494305 15
234505 12
871192 5
821612 6
812828 5
207145 1
802359 7
6547 8
62797 16
41705 13
767491 7
457156 4
289858 4
245718 10
729360 16
5329 1
37438 4
633847 5
956886 3
90747 6
673967 1
609446 7
31136 8
110644 15
883299 15
990895 2
734418 4
755225 8
934342 12
272921 5
249884 5
58106 9
515316 13
47471 7
92291 9
788843 16
879954 2
748876 14
820778 9
731807 9
206877 6
119039 9
103226 13
30505 9
26079 3
292353 14
430360 4
863287 11
703698 9
422161 6
505821 14
846806 4
267331 12
429672 7
863421 14
411155 4
969517 1
281070 1
622921 14
805720 14
226072 1
105180 14
653498 10
767053 6
238642 13
523633 7
138262 6
608088 14
639699 14
517159 1
840016 5
254386 11
529722 4
286870 7
292072 13
252692 16
935216 7
125180 4
494254 14
682855 3
413050 14
412900 12
361396 11
477958 2
148905 7
125881 2
900950 3
540194 6
840863 9
130167 14
456536 12
764088 9
852556 11
59689 5
50666 14
300003 5
675765 9
422686 8
454530 4
745786 5
640430 16
452913 2
668694 16
648735 4
141006 1
868697 9
456856 13
922178 4
98452 13
798262 15
573599 15
22202 2
869816 9
85843 6
262576 2
808406 14
973164 13
617069 13
641891 10
300847 15
188068 6
894079 13
559771 7
838999 9
906814 1
931908 10
423598 12
838835 5
69379 1
179666 10
393663 12
842153 15
325269 3
931816 16
378892 2
353967 1
378932 4
229329 12
615024 14
294169 1
621948 6
299554 8
465069 7
327110 10
56737 13
602619 11
532867 15
508179 2
363306 6
62274 1
18262 11
996632 2
872917 13
10346 5
324884 16
786133 7
410268 1
329222 14
502148 3
576143 14
743192 10
251294 9
146772 12
285139 13
306515 8
759827 14
338809 3
652349 6
351778 5
477858 12
279198 5
888476 3
755118 1
263906 5
851989 11
139460 11
953918 4
967604 3
60561 1
734857 12
314997 2
671163 7
817870 14
43512 8
471324 2
702169 3
133456 11
767437 11
481278 12
351026 5
301676 2
555330 10
628110 4
581223 13
197004 11
250587 10
928341 8
195045 1
14413 8
587466 10
846631 3
624614 7
511384 3
832442 16
442225 13
672423 9
836165 13
515371 13
853445 7
250654 13
384282 15
162413 4
606422 12
707302 1
262523 11
119863 15
312757 15
142152 6
830379 6
338839 5
359654 7
884117 5
155588 11
314983 10
883066 16
436709 2
190299 1
67247 3
833559 1
569151 2
66679 13
264619 9
811748 14
794103 10
187388 9
464120 8
309228 5
557014 11
995645 10
249159 6
248748 9
487031 14
990605 4
499416 7
17978 3
879944 15
245915 1
502365 4
303021 5
327590 7
33072 16
975105 4
572146 1
942987 8
952094 15
815212 9
535081 11
160083 2
834851 2
716058 7
890611 12
161223 11
112170 1
901588 13
852343 14
147591 4
151374 5
407212 16
671916 4
910981 3
427770 14
907339 11
13697 15
158035 7
743463 15
313210 11
931655 13
632285 1
473615 7
173697 16
936802 2
159852 1
402984 3
701688 11
647140 9
924599 10
987541 15
668795 8
171244 14
851703 10
83187 13
716053 5
985360 9
629982 4
186543 13
363265 7
160823 12
880647 10
311215 5
994214 16
127178 5
844466 8
334349 5
355374 2
962609 16
970610 11
370881 9
161325 13
434994 10
736554 14
989862 12
492374 14
292626 10
255771 3
649192 8
43119 13
313846 10
53428 16
947793 8
16577 11
618388 1
103935 5
723449 7
48379 2
864946 10
527698 5
729574 4
832981 5
949327 16
235780 10
901036 5
832414 7
930736 1
820322 5
848564 8
848180 13
169690 9
355034 13
486291 16
517066 3
566239 9
940907 16
148453 13
778687 15
861223 9
144810 4
3721 4
753065 2
415421 3
694392 6
23842 16
698854 14
662873 7
765564 7
553306 12
488286 1
54345 6
525556 16
741072 9
266143 5
787850 3
67345 15
209728 8
50835 16
394891 9
905991 3
497015 3
710277 2
395705 16
659769 2
700634 4
239152 14
403029 3
198926 10
503903 7
784841 15
299922 16
573601 11
855557 4
171147 8
739776 4
379796 11
532806 1
32683 2
309689 8
579307 1
370987 12
677106 16
658565 13
553376 6
757340 5
160264 14
595496 15
883646 2
416191 4
893505 3
570017 14
233659 9
943180 2
957560 7
996342 15
671877 7
664463 3
705192 12
766695 3
569392 6
313584 13
357102 7
33138 11
539946 14
58432 14
906323 13
651869 3
159024 8
174312 6
756985 16
102812 15
380926 11
510870 13
552587 10
295844 12
52677 4
93241 13
15056 13
669433 6
969036 6
691089 15
193505 11
581566 12
497681 8
508165 5
379811 5
853983 15
511966 12
291744 2
200487 14
185236 9
399705 1
614478 10
133999 6
226122 16
669906 1
427548 5
770491 9
112782 7
844668 1
485238 4
746847 11
521471 7
741838 13
319024 5
75124 9
649694 13
536814 14
764727 8
448618 10
925705 15
647623 14
872211 11
561565 1
639865 7
998414 2
729879 7
58283 1
550812 15
315006 8
678357 16
877882 1
157366 2
943275 6
281988 7
112201 11
672346 4
834415 6
878800 2
53411 3
658317 14
820026 2
23983 7
454 6
911147 1
251782 12
227092 9
530152 8
199736 9
825044 7
435337 1
930858 3
383399 5
325535 6
792762 12
858168 2
811717 3
166889 7
876296 3
394078 14
651898 16
855605 6
972667 7
360404 12
899294 3
552136 14
486084 3
347129 7
12862 3
697257 11
290260 4
511116 6
745251 10
753361 12
764542 5
65592 2
512659 9
861344 5
101325 9
88628 8
899235 12
501965 5
792995 1
375918 15
656587 12
936065 7
403449 10
641237 8
694369 4
976673 14
640513 5
792307 12
605246 16
923692 2
883773 15
308583 14
497130 10
792356 14
972940 5
223592 8
543709 16
260290 4
592892 13
419138 8
972382 10
828924 5
722290 9
493322 13
924369 14
362243 10
210883 5
371448 16
804662 11
95542 1
757655 11
986191 16
892795 7
384815 1
513875 16
599166 14
577197 10
523226 16
23680 15
83307 8
582234 15
198948 5
150067 4
463083 9
349875 4
619642 11
232905 3
796435 2
589369 14
928037 5
81424 16
570272 11
581090 12
627661 12
53347 8
803483 13
234591 8
277335 15
612496 1
339335 14
323970 8
50222 11
75980 11
448274 14
270708 14
344151 5
269798 10
19101 6
812481 3
848295 11
983665 6
350819 6
102978 4
35413 16
232169 9
28015 8
230492 10
669609 14
690577 5
476639 9
259416 7
985813 7
515093 11
103590 3
354821 1
509765 13
230534 1
115064 9
595272 1
708954 8
575034 11
409230 2
10919 4
243333 6
646380 13
237116 1
753568 8
698929 5
44840 12
426879 3
201756 12
340212 5
462855 8
928294 8
428839 7
635703 11
765795 2
912377 7
94692 12
106867 8
191446 13
591897 7
882039 12
680569 1
188145 13
925718 5
63881 12
970382 11
323170 8
594713 14
264452 2
788309 9
669254 7
294496 5
638876 4
80574 3
970094 12
352758 13
455379 14
773968 4
984963 15
134232 10
113706 1
244826 10
667459 2
159451 3
762109 7
356448 5
485857 14
968201 14
532973 12
953547 11
272621 15
207161 2
650257 1
459419 7
685971 14
441799 15
501516 11
61234 3
607035 11
212356 6
723243 1
356389 8
147609 14
247205 7
319349 2
538495 7
37927 14
147564 11
918182 12
891215 9
201538 6
603101 14
727827 4
584211 2
260173 13
50837 14
783519 8
618329 11
95385 10
384942 2
212495 5
343665 11
238339 4
28202 6
169104 14
379888 5
290813 9
13518 3
151969 15
625580 5
616655 15
121479 4
851743 1
875177 4
998460 3
732699 5
885331 3
456110 8
764913 16
10845 15
357358 9
926022 14
466211 1
196464 1
513645 12
883326 14
616552 2
477424 14
306797 12
523547 16
536284 10
325155 3
17641 8
853439 12
215452 5
588042 15
813576 3
44861 4
346201 13
4943 14
396838 9
508169 4
673439 3
699205 12
652112 3
696560 12
104894 1
611200 8
197599 9
958297 14
627345 13
880531 7
88626 14
987331 1
779177 14
477762 1
296266 2
296421 5
144708 16
835082 15
797274 2
658025 13
546339 7
547817 16
440223 3
363225 15
478411 8
689096 14
559312 3
437320 13
607740 6
591433 11
866465 11
528151 4
199152 4
484037 14
222390 6
905588 8
741309 10
122749 14
875123 7
871770 5
284385 1
597425 3
227905 16
102208 15
498359 15
550895 4
804538 4
41924 7
296053 8
995676 11
860023 8
893543 3
247166 1
90827 13
169393 5
281546 10
627315 16
57904 16
608260 5
98994 6
766674 6
27042 12
207085 15
200509 5
928065 14
477277 3
582783 2
36238 11
415624 6
485034 4
235255 3
87200 4
388528 2
384676 5
460920 1
360127 8
526559 1
798864 14
589897 9
32320 11
800177 13
788153 1
435269 11
368824 1
406231 14
12132 11
434710 15
941218 6
94170 4
776192 9
84755 8
98046 16
949580 14
490836 4
280239 2
652333 16
66828 15
175679 5
693288 9
505886 13
391536 8
554690 3
304942 16
882661 1
400289 15
216327 2
476418 9
487441 10
218266 12
146628 2
937137 14
105472 14
914215 5
804300 9
133318 1
367049 12
558120 1
194327 5
895880 12
81740 11
644240 14
750580 1
943447 1
927361 5
72663 9
937419 10
756049 3
773856 15
28722 13
556609 4
547770 3
841851 13
329378 12
799366 14
276560 11
839195 5
127711 9
914505 4
591419 14
541921 15
105818 1
145858 11
517846 8
857385 8
409351 11
222944 13
645594 1
679573 7
668597 8
931031 11
878989 8
398367 16
694541 13
936969 6
954326 2
288287 8
985395 2
201209 9
360272 16
788190 6
670224 10
681430 7
924570 6
655002 10
403145 10
907670 9
285214 8
998634 7
210607 15
549069 4
233444 11
519525 11
932663 11
876653 1
797526 14
368653 5
65035 4
208337 1
808880 13
660762 6
47249 7
968175 2
752077 2
561498 8
271102 13
579923 8
605408 6
448182 15
679974 13
994607 2
75245 13
27914 1
182856 6
336331 8
687956 16
573407 13
340105 11
983219 5
462266 3
835777 6
884237 9
611220 16
188597 11
94142 2
989257 14
655949 9
500946 14
772603 4
95054 16
620141 8
839500 11
210294 6
740654 15
99266 15
439092 3
766785 1
668986 6
982020 2
44522 1
837776 1
821480 13
786374 3
599368 5
732075 10
581282 9
946804 6
55850 11
23563 4
688878 1
75547 7
