1281
51191 5
502067 6
417244 9
746788 9
519434 11
984692 5
548025 10
720577 11
529615 8
790477 10
241794 10
736024 7
458640 15
469499 15
745055 15
650306 5
242581 11
148189 12
839831 11
10725 9
346175 10
312553 4
269715 7
337982 15
149821 9
661653 5
535202 8
709476 5
253704 15
521801 3
830404 7
556268 6
940734 5
853595 2
723878 11
695060 15
880256 6
202365 13
670798 11
104150 1
13861 9
80350 12
526907 2
276728 6
524866 11
106200 5
37449 2
564151 9
245857 9
387566 5
117992 6
334413 1
428510 12
543655 1
300273 15
1051 12
671646 11
686907 12
481771 15
441207 14
174099 2
24993 1
969706 11
663905 8
334298 8
414091 6
520565 12
850763 7
764136 8
353721 12
877966 2
819420 6
124976 2
285583 9
746010 1
338746 12
846630 10
203900 9
686425 2
228099 10
771628 15
544219 2
520444 13
524407 5
253016 9
305316 12
713457 12
122260 10
495044 15
556321 5
279291 10
321631 12
413794 10
866450 15
243543 8
342298 15
421880 13
934582 10
800690 11
500506 10
278519 1
131392 7
75465 13
285549 13
374925 10
430414 8
703634 12
131657 9
800609 4
279129 6
557909 5
494802 5
835136 7
314385 14
641555 3
52832 8
904214 10
241715 3
107206 14
483528 4
611634 9
329971 13
394139 8
117582 11
14012 15
890639 3
295250 10
403015 7
612239 16
593188 9
510320 11
387935 3
961038 6
426700 11
384162 16
225876 3
917022 16
84489 3
611925 13
790287 13
159105 16
646168 6
607040 2
373451 4
417776 11
422488 3
24573 8
52650 7
511045 2
579166 12
712719 7
931212 7
474791 6
29595 4
930904 4
324181 7
63770 16
315361 8
145432 13
79172 10
939547 8
261516 16
465834 13
670951 7
28711 5
125915 16
278366 5
347292 5
467215 11
495254 12
659233 7
414856 1
550620 11
944243 4
868808 16
852165 11
132378 2
304816 16
869890 16
779038 7
765418 8
985419 3
922182 12
396942 4
578035 14
565427 15
921745 16
601007 2
37651 14
607399 13
108141 16
82814 5
395013 2
399096 8
763804 11
720492 15
945326 14
784506 12
331440 5
968808 8
624305 8
353323 14
211531 1
736807 15
250169 13
720208 5
993137 7
981222 10
207080 5
712171 11
933926 3
771165 8
670692 4
249748 14
234579 11
801594 3
399946 5
301774 4
403879 9
845365 4
237434 6
900683 5
888205 11
967881 8
557000 14
721901 12
870673 8
85966 15
703354 8
830023 10
777046 10
881561 6
548354 14
564164 5
332058 5
659457 14
446159 10
863300 6
564220 9
427280 9
178845 16
577021 12
654139 14
300607 2
881381 16
582959 12
651146 14
841287 10
162165 13
918445 3
345964 3
596086 5
942985 7
710271 8
159383 7
764991 4
89184 15
944140 16
657781 6
565648 11
696363 3
538286 8
321700 1
774256 1
797190 10
911576 14
386590 2
110825 9
381062 16
350687 7
731624 5
141122 8
968048 3
567529 11
696970 6
363385 11
325008 15
546393 6
374309 14
429269 1
94870 3
507274 1
904265 15
538091 5
292214 11
652534 5
137929 14
578535 2
667052 15
992570 2
733020 9
931402 9
140972 2
493931 9
141999 5
283156 8
178063 4
154556 14
136891 2
926241 5
712531 2
260549 2
343155 8
617320 11
525617 4
490861 4
830528 9
464387 7
112398 14
246495 7
382278 6
142198 4
637500 4
258896 8
522189 4
634094 8
227268 10
824008 11
560774 13
294357 14
698852 1
480161 12
33160 13
495144 13
59937 5
55985 12
738830 2
439368 8
408784 11
829209 1
964898 7
716898 16
918929 7
534997 8
406996 6
87575 4
732381 13
777018 5
551664 15
392451 3
684312 10
193716 16
71747 12
947328 11
776841 15
919711 11
222248 9
806211 5
589924 16
765753 11
249016 12
874099 9
428293 6
847768 14
654004 13
670251 1
716690 5
517141 4
939246 6
76534 10
399469 16
220192 13
313907 6
28619 14
983918 9
722545 4
182550 2
467167 4
471904 2
528531 9
540134 14
185862 9
555897 11
452655 9
24028 4
64549 15
699880 6
183337 6
30178 7
23105 1
82624 7
659831 1
970022 5
735303 12
423139 8
674402 5
538640 2
4752 4
812991 14
532613 15
694632 6
266102 14
607888 5
349816 12
403340 13
134348 6
902043 1
765582 13
148717 13
922211 4
934722 13
17572 8
708610 4
695378 12
936239 11
784591 2
899948 11
718082 9
262105 10
176937 16
119960 13
126278 12
628327 12
577570 16
848758 12
65943 12
511978 5
218006 1
655534 5
390304 13
20661 9
138682 3
642414 7
298583 2
33798 4
589074 14
336274 15
537865 14
494857 5
449286 15
721012 12
77092 10
675103 9
697948 10
98203 12
733531 16
845625 11
118388 10
687822 8
2407 1
27550 16
93010 10
70681 16
146263 8
557395 8
484203 15
863348 4
305805 15
580474 16
595708 6
26743 4
779012 3
817671 2
887069 15
19353 2
220866 1
154269 2
598953 8
239380 8
12549 6
959250 10
175140 12
637181 10
130983 10
383508 9
435143 14
725589 4
540617 5
956614 3
306259 13
597492 11
317486 12
737228 15
297388 13
252385 15
853779 8
351910 12
214402 8
606639 14
695785 6
195558 15
610325 14
550515 13
105227 2
10474 10
1350 14
456824 5
548800 4
6980 6
1206 8
626866 16
597537 4
182537 10
278001 8
874682 14
895901 14
557326 13
676666 4
994419 8
630812 4
48666 11
759699 1
540599 12
379195 13
618248 10
813194 16
662642 15
583482 9
280933 16
126389 6
147308 11
344152 11
302292 6
263830 16
684117 15
987824 7
823965 5
779741 14
129553 15
935473 1
589305 4
999654 9
473345 2
225706 5
752206 6
588781 9
211558 11
909888 1
745778 2
622639 4
45228 7
802728 9
45669 4
421140 6
696066 9
631408 10
893489 11
634470 5
690022 7
954027 2
276152 8
995780 13
752542 10
63593 13
712585 7
481969 2
830596 5
40904 6
867496 5
486200 6
616424 7
574607 10
618991 8
453452 13
509462 16
792601 16
985320 11
513414 6
376530 15
807265 7
550484 13
327913 8
749106 4
440242 12
528788 8
763167 13
23853 10
142554 14
701470 11
823909 12
973897 2
607528 16
404424 4
612773 13
656462 16
296855 5
1858 5
894194 4
672222 3
146854 12
514191 4
183360 1
840525 5
141004 16
550722 11
89238 14
475511 2
67274 11
698747 7
747050 13
963796 9
448744 9
15168 11
456231 12
99568 4
306577 4
816923 10
193607 16
378528 11
523427 14
458770 6
611548 15
522259 4
268444 8
45647 12
811472 13
370677 6
756114 7
650771 14
135272 2
997407 4
194421 2
784876 1
609930 14
802979 4
475457 4
906628 10
270421 1
598722 14
563857 5
995903 16
960950 9
800887 4
541267 5
96272 15
175557 8
325586 9
76655 8
662877 12
665779 14
11104 12
830853 8
124393 16
838158 16
814018 11
507428 2
342884 8
400350 11
868956 1
251571 6
997896 5
16084 4
553696 3
610411 7
873914 15
377712 8
950909 12
468865 9
376722 12
643461 8
283524 16
945679 10
717345 12
79847 11
435436 12
526100 15
766118 10
440305 13
897144 9
337696 15
696711 8
574844 4
212800 5
436934 3
538788 7
191264 9
841713 16
394536 14
815100 13
698119 12
870787 4
570304 14
111383 1
876826 5
262511 3
892598 7
285218 9
493240 6
586132 10
546660 12
853961 6
517285 14
476496 14
822415 4
273540 10
789425 13
983650 11
314385 14
263117 9
269451 9
381442 7
336946 7
46463 4
89598 16
764142 4
576314 16
138448 1
600109 3
519605 1
390380 3
694849 1
231326 2
474800 7
504602 14
392282 10
964293 2
737921 15
833452 13
127679 1
353290 15
898559 4
869372 12
428352 4
583835 14
391846 4
623129 14
726527 14
348895 8
490001 13
199187 11
857575 1
605967 1
164225 8
399674 1
917028 8
573835 2
659200 6
188146 11
598406 16
474863 5
829211 1
830415 7
557417 3
640894 9
507460 13
865175 14
502260 10
886821 8
156526 13
298303 13
370785 4
892044 2
168384 8
323460 16
753826 1
828513 11
794389 13
575679 3
918255 12
450494 7
887425 4
265546 15
625852 2
704677 9
717808 3
327184 11
614628 11
126875 15
749552 7
850593 14
921531 3
680867 15
122903 3
896575 15
425517 5
836650 9
849622 5
39337 3
64950 13
942510 11
408532 8
298214 16
942221 2
799986 5
492822 16
508210 5
836469 6
208545 3
260082 4
72833 1
677297 5
615314 3
412169 5
569209 2
594177 5
455877 1
27892 10
966776 8
956698 4
112811 8
576517 8
98915 9
751158 4
77781 9
344494 16
486564 12
505651 2
669728 11
466581 5
867900 5
176705 10
600199 13
508793 10
363330 6
729531 16
520987 3
449427 1
26114 8
239741 7
15042 5
413116 14
924116 9
190423 5
866021 5
729221 1
269898 11
467738 10
498076 9
828548 7
544516 9
355336 7
464437 11
452396 9
669256 10
153194 9
674530 2
204271 12
617903 10
915351 12
244058 1
346122 2
276860 2
956008 8
379610 16
374528 13
415953 11
233424 5
514104 7
574787 11
249289 12
994687 12
25748 10
49792 13
623057 14
880008 9
232672 16
181059 10
616499 13
267032 9
943638 8
56908 2
374973 5
231318 8
670491 13
174097 11
86999 13
300729 9
299318 16
610259 1
961381 14
545535 3
894102 15
850299 12
485513 12
757261 13
710381 7
327199 2
18832 5
249046 7
16486 12
366926 6
111456 8
10482 5
38946 10
248598 2
928177 9
647980 13
513020 4
943141 6
15710 15
211931 2
56186 2
872511 7
770378 8
521911 12
611120 11
666583 2
923841 14
239367 15
255023 3
948878 14
921173 12
829589 9
363144 16
710402 6
580908 14
613843 12
770694 7
576559 13
648291 14
127843 11
583747 8
728111 4
575123 9
54235 13
199582 6
874939 14
148081 9
813262 9
291536 14
147044 7
726169 1
3354 4
148432 5
369050 4
637880 13
686521 4
167064 9
149925 4
427984 13
114750 12
164021 9
905270 13
624489 5
87667 8
358884 4
55032 11
106260 13
917489 2
675297 5
420418 3
867928 10
553668 2
330745 2
856202 7
551361 2
365124 1
303114 13
504475 5
873872 15
995628 6
796694 8
223825 13
620745 3
141466 2
534124 9
368582 4
932818 6
628707 14
630997 16
363266 15
552556 14
19608 4
599860 8
676388 15
555318 14
216416 1
456516 5
808320 7
25315 9
416158 12
188695 10
239003 12
52092 8
374239 9
874782 7
18037 9
120809 12
492127 14
741910 3
564091 12
399232 13
905689 2
734953 9
147445 7
87863 14
260652 6
584891 6
142101 1
296747 11
397501 3
651283 4
75839 6
535745 1
940085 7
279748 13
826528 4
64053 10
174120 7
827967 3
102689 5
339063 13
197990 2
61200 15
307240 14
519732 10
258740 16
41966 5
736575 2
265211 7
649550 3
135680 2
668650 8
453763 4
777797 4
440158 12
359039 2
976505 4
585637 1
117314 4
444707 1
808590 1
434603 9
669100 5
772324 5
9345 10
835896 3
879945 1
982441 11
54850 16
887869 8
460296 15
385976 2
818026 10
623924 5
717330 9
705313 10
3407 1
860089 16
885157 4
950746 11
37674 9
784917 12
990018 6
844971 2
826013 6
516018 6
12634 16
572391 6
849667 9
536746 9
256903 12
206215 11
580035 4
969114 15
208249 13
450666 14
476936 15
266190 16
393852 10
270233 9
109297 7
932417 12
970835 15
705446 14
684121 16
783335 3
609748 10
290137 8
409888 12
712973 10
767158 13
643270 1
169121 10
692717 8
57108 9
627322 2
61665 12
268074 7
899119 10
101792 3
381584 7
687337 14
448890 10
813692 2
440816 1
809031 14
551214 12
430672 7
108137 14
705041 10
394989 3
647495 2
516907 3
640276 10
389998 11
436940 2
251168 7
52925 12
29950 5
263455 9
88961 9
611363 13
16148 16
826522 8
427698 1
123558 6
96266 12
93248 2
166986 8
430736 3
301990 11
165195 3
709764 15
847361 9
615293 7
461137 8
69924 15
503760 14
699008 12
24348 1
896332 13
132375 15
799645 10
427360 5
257876 3
289978 3
407085 1
298008 6
776685 3
156045 4
322780 10
56534 2
329502 4
727323 6
114939 16
226416 6
11027 4
458745 3
737280 8
23915 4
278226 15
164463 4
182227 9
128156 12
584821 6
602065 8
90168 15
864666 1
628246 8
745655 11
173036 15
264953 14
345601 3
168765 15
63781 11
62869 14
613777 14
618112 9
678565 15
522366 15
367937 9
397027 15
402833 15
292251 16
239313 16
663411 3
630594 12
451473 2
801902 9
968533 5
485539 10
578205 1
777975 4
179869 4
449875 10
34643 2
803696 14
208418 16
417101 5
479033 14
531319 5
895797 16
433052 8
900368 2
428438 4
919095 15
651953 7
169846 5
31167 6
636859 12
150070 13
228648 2
217854 10
540128 16
709063 8
616970 15
920141 5
857667 16
51927 13
645849 1
519177 10
303145 2
823471 13
147812 13
307230 7
277284 15
884085 6
949160 10
391007 13
530990 15
840865 7
430568 8
312125 6
858813 1
487706 8
177383 2
924076 12
419451 14
645491 15
714351 4
833985 10
344035 8
709474 6
438827 13
591335 7
272584 1
858059 5
67406 11
630549 6
987280 2
692391 9
784434 10
887866 6
228397 12
91054 5
163361 3
641802 1
35185 13
946670 1
184014 3
926248 7
369323 10
654886 13
357059 9
999911 13
729500 7
766101 10
199012 1
354003 7
922506 3
235063 5
694092 12
177219 4
581962 5
849126 7
595351 14
590485 12
403827 8
266269 2
395725 11
698520 16
636588 13
854963 8
2750 7
51394 6
560071 7
623513 2
113363 3
242550 2
540158 8
137207 16
981007 2
108227 15
245830 15
603349 6
311662 7
216662 4
817368 6
193624 4
542909 9
805778 10
580868 8
414100 1
373163 11
289188 12
321737 8
494165 11
329653 13
536392 15
699883 7
