3200
802727 9
298272 11
595878 8
904759 9
441661 16
538815 11
856031 9
400782 12
568593 14
254640 4
700411 3
402845 14
871649 14
340497 6
877799 15
231136 4
250765 4
231222 12
993337 12
44719 12
215807 1
591327 14
187642 9
162168 8
219137 8
830626 15
40301 3
579325 14
633727 9
199599 3
588151 3
500409 6
646438 3
818451 2
94894 14
178635 5
845118 12
574882 2
759854 5
429910 16
669127 16
29529 14
151610 7
737995 9
900570 15
773819 10
631899 6
665208 4
941165 14
680581 11
938565 8
646252 6
273696 13
518661 6
981606 11
791103 4
130648 6
532767 15
940282 13
800977 12
701614 12
737771 13
702004 8
381776 6
913416 2
801137 13
896282 15
637364 8
814126 10
777582 4
600916 11
955221 1
315844 1
994046 5
203437 3
127097 11
427043 13
745405 6
166823 11
855931 5
260590 16
234217 14
443744 11
482034 10
896565 13
603907 11
114344 15
878613 5
105883 16
972727 4
790829 11
340677 2
933283 5
100000 8
34678 12
142614 4
568755 8
621478 7
18088 13
405008 13
658522 9
275968 5
931427 11
701803 16
541751 9
465707 11
712751 1
474631 14
194226 10
165228 1
785477 13
1465 3
356747 8
655079 9
67790 15
664045 3
352383 4
968368 5
696734 15
520612 4
330035 2
494598 8
773594 14
136499 16
257989 9
733375 13
250328 1
253071 14
897913 1
734731 15
236064 5
464977 16
448454 6
407692 10
944486 5
999754 6
661017 9
183630 13
742023 9
274862 12
414196 2
342981 7
333375 10
130504 8
432927 4
550544 1
359204 7
363169 7
827016 15
855323 11
12727 12
558813 9
175765 6
451752 14
473314 14
785243 13
733131 7
221391 11
881343 16
289409 5
677774 9
158820 1
786979 16
281719 4
792839 10
839349 4
588968 15
690893 5
510199 9
891927 13
773542 14
513460 15
526038 13
118846 3
978828 11
453558 14
544256 5
202775 1
877060 12
201086 6
568587 9
926738 3
805017 1
190807 3
88675 9
515183 4
169263 7
648463 10
33280 10
711039 15
133235 7
324751 10
224652 7
817520 15
220379 15
9427 5
829322 8
299407 15
667584 14
728315 10
50277 3
482789 15
622823 10
199764 5
773480 11
265684 12
217705 5
126689 6
903112 8
393105 1
530805 5
934193 9
558783 16
354606 10
513136 4
794781 15
498984 1
498732 8
64775 4
202290 11
535190 5
603467 9
926327 11
220572 5
801341 14
44610 3
359443 13
398802 6
428083 15
991722 2
316925 12
245054 10
113393 14
339106 14
199501 14
204037 10
82402 2
403459 1
976097 13
734673 16
409630 11
730538 5
511401 16
625720 5
62775 6
131596 6
207192 3
185114 14
846547 5
247380 13
408835 4
781720 2
635570 5
547673 8
769314 15
355090 2
525605 6
987410 1
980359 7
884040 16
95362 16
778646 14
158211 8
549685 12
670259 5
848619 13
72774 14
538421 3
705337 3
935355 4
657271 3
232202 12
922693 16
787481 12
537144 12
419468 11
368677 10
710006 13
111046 7
175332 6
187434 12
816950 10
734383 16
574915 4
784782 12
475580 8
673923 9
22270 14
285688 10
449172 1
722408 15
301320 2
706030 1
448187 11
279277 11
999194 16
415760 9
423623 5
291942 4
344323 11
466609 12
98701 10
224778 3
979259 4
902644 14
56337 12
448745 7
244575 4
762785 2
210952 10
891521 9
757126 12
215585 2
505270 9
865001 13
16724 8
50239 15
276099 3
631619 4
953608 5
331190 11
169408 9
403195 5
184524 11
959681 7
441646 3
670949 3
650965 8
700502 9
66477 16
32244 5
65281 16
568219 16
851658 3
396467 4
194849 5
307170 8
437642 2
815927 8
408550 1
970354 10
210148 1
943683 4
467913 14
505636 12
432117 15
160371 12
557942 14
59434 6
10539 15
922964 12
317294 2
249876 12
87234 9
665801 7
599619 2
445057 11
523720 2
801788 4
636240 3
758118 16
957928 11
433435 5
109497 13
134726 6
636244 12
643872 16
822164 16
822502 9
200997 2
744861 8
61715 7
88722 1
198860 15
699689 12
693738 7
239615 14
380582 11
887085 4
862045 1
833656 14
109405 15
33232 16
479908 14
583561 11
772576 16
995682 8
824978 14
667129 8
9621 2
898317 7
244406 7
86336 8
745232 5
929148 16
346059 1
284279 15
193226 13
749478 3
935021 2
17808 12
934650 12
15014 6
768656 1
284945 2
992921 5
255610 14
615211 5
589510 12
900307 6
145645 4
559110 11
871107 14
371299 8
95530 4
255754 15
532675 9
151854 7
175163 6
767247 8
437137 10
320688 6
28987 8
592701 13
864014 3
678164 16
271519 7
468073 4
321805 8
887656 5
871636 15
900587 2
937466 4
547541 3
684365 10
440510 13
830478 6
975421 6
148695 15
782513 8
249154 4
992010 4
834440 10
368404 5
528819 8
544206 4
179465 10
868642 6
540185 9
737135 10
497940 2
302223 9
832450 10
878796 10
344056 12
908088 5
626229 16
174541 15
54927 7
588214 10
940638 2
288067 14
238042 14
177758 16
346083 15
435521 6
589370 10
558234 11
632137 14
968821 8
93875 6
217474 11
843396 13
48467 10
595592 7
219631 14
94919 12
509239 10
593212 6
566540 1
927996 12
278879 6
244902 5
231623 15
382094 10
926844 16
372008 15
464960 14
366320 1
430202 12
294384 7
680336 2
638044 16
632879 5
36731 1
988125 1
859066 9
513681 3
290277 4
111044 5
824324 16
215163 8
445641 3
934720 5
286886 2
348905 13
996433 13
966544 6
971995 8
973667 9
841557 13
285676 13
948788 4
89354 14
342487 3
262430 3
660261 12
850500 10
739213 3
746466 10
694742 10
701440 16
787939 5
782849 5
352347 1
799207 2
703789 10
126697 3
216550 5
902590 8
391084 15
343938 3
760197 6
891703 10
111749 8
69362 16
908572 16
172698 8
282607 16
529588 1
721341 8
534442 7
54931 15
501917 13
799981 9
195585 7
746121 16
908316 8
188194 5
380582 4
830737 2
722195 16
395951 14
503754 14
174502 13
755821 3
938018 4
520140 16
591078 16
156946 1
775405 11
831839 10
119126 11
641582 8
546160 16
615665 8
714292 9
674884 16
692799 6
374124 9
423768 14
28273 11
683276 1
163082 13
554039 7
208249 15
243839 6
409799 12
384514 3
898566 1
193234 15
465247 15
853790 9
354293 14
963572 7
521123 11
840540 9
172242 3
154634 16
326559 9
907069 6
873723 4
156180 4
67543 11
319588 8
857103 8
503537 8
553459 8
728365 14
634568 1
456875 16
66291 10
894220 13
671500 11
747015 15
789514 9
725428 16
365619 1
679043 15
929676 14
730761 11
134043 4
438967 6
93792 11
590989 4
245766 1
199386 10
758941 6
487889 9
23520 5
51976 7
512564 2
698177 5
206510 5
803932 12
353821 1
577960 4
603540 16
722769 4
796962 15
862541 7
463964 8
997403 8
799883 5
84738 14
547685 14
260078 4
911185 5
367933 3
766046 14
912087 12
174356 5
676770 12
719764 11
154258 7
426978 7
649837 14
673781 3
387569 10
454246 4
401825 2
418254 6
825949 10
255372 10
668162 7
36750 12
954403 11
902800 9
655699 6
839936 16
88683 10
333735 7
196085 13
365654 15
705684 1
388232 5
534321 4
690087 8
123303 16
763292 13
467467 3
356047 8
201455 10
288319 7
449037 7
6167 9
8814 8
845834 12
659587 12
53606 8
493178 16
956443 3
675146 1
599395 3
630404 5
786601 3
108354 13
784762 16
174714 4
932844 3
693039 15
986211 12
657963 11
971502 8
245535 6
313771 9
385873 5
348929 1
206487 16
912204 1
303161 8
166118 11
654494 12
55752 16
210990 14
461999 5
832501 6
792237 7
96084 6
81156 11
869418 2
851777 7
622364 9
377122 4
566609 15
649448 12
356974 15
786494 14
638274 13
807811 16
853445 3
576604 10
282717 3
515212 15
201841 2
531644 1
281715 3
308396 16
224118 11
443499 6
845491 7
159278 12
237826 6
42885 15
930133 8
924615 5
887398 2
102090 8
912931 16
332273 13
637280 7
663248 8
709089 3
192147 3
177801 15
396209 13
987900 15
910862 14
790312 13
335971 8
305729 4
312955 15
286624 8
279139 15
334233 3
98717 4
137720 11
388802 6
87607 2
675593 11
704999 4
351709 4
165802 16
827908 8
966419 2
771547 15
716903 6
267700 13
843475 8
519428 5
845352 4
967115 4
21764 11
87203 14
82511 2
805882 15
313294 15
220937 14
690328 9
616008 16
89506 3
796189 2
152656 15
601125 1
830952 11
426798 2
816694 7
477800 15
769486 3
113072 11
18179 3
23505 12
757652 15
191273 9
915736 14
734033 10
731634 6
8108 16
28516 4
832473 13
484454 14
245251 9
986408 10
940337 6
929659 14
595694 13
567250 4
318347 11
869790 7
905248 6
420468 5
469664 5
104567 9
314847 3
231711 15
393745 11
388932 3
952039 10
274238 5
815236 11
282500 7
141210 7
726848 11
807614 10
39052 13
18730 4
306886 11
174426 11
424872 11
667500 4
297614 8
778653 15
287253 8
28890 9
757761 5
814209 11
320397 13
737660 9
187076 11
906971 15
834107 11
109252 16
57514 2
800138 14
436028 4
691649 6
28639 3
991445 3
647335 4
545490 9
30499 9
522668 8
1736 2
691740 13
340948 9
755658 16
997140 1
85008 11
379207 6
61949 3
177505 9
634511 4
713776 3
926676 2
816544 7
372320 3
890698 1
282977 11
423813 7
624771 8
317497 16
828051 5
179656 14
302717 6
170347 13
630069 4
837641 15
964302 14
456108 16
335934 10
916993 7
963543 9
618021 1
660215 7
135025 2
503139 11
289482 12
464046 7
31731 14
17889 1
920307 2
31394 2
262103 9
436789 7
369806 4
45150 2
581682 6
218405 5
250077 4
634673 12
384465 2
955399 15
205579 16
590743 7
94244 15
224745 9
851473 6
28182 15
408955 8
664788 11
12731 4
81215 12
151748 3
497715 3
945759 15
874543 1
803118 5
64056 14
248111 15
204907 13
759233 7
897550 3
958779 8
319118 6
931115 6
519617 8
304943 16
497786 5
919492 14
606575 8
646150 8
800567 9
993237 14
689458 11
875929 14
629257 3
230814 5
413342 2
714290 10
669209 3
627586 11
63897 16
555212 8
546563 13
641017 16
718912 13
975480 16
195729 12
154875 15
631403 10
692696 11
364329 11
548336 1
789506 4
7833 12
264742 5
609817 13
466581 13
592357 2
727727 11
978135 16
138847 13
54784 10
300535 2
772484 14
800508 13
39136 6
687334 7
66444 1
325577 8
72678 11
445145 6
770125 3
221628 13
401319 4
255778 9
928546 2
600997 14
968184 10
176074 14
432822 16
810140 1
81209 12
826871 7
563957 8
135663 14
537932 3
926247 5
120071 13
602172 13
672894 13
52057 14
113395 11
59716 13
782013 12
711182 12
260862 4
352520 8
584049 9
192416 5
951275 12
18568 8
400684 8
795100 14
654142 6
125851 15
906169 6
646041 1
100354 9
195874 15
266020 2
537580 9
310548 1
487644 4
66201 12
926468 3
630855 12
547009 15
974556 7
236451 1
950421 5
554945 8
131370 15
258296 8
667877 12
33600 16
163811 2
251247 10
504494 12
635560 6
117887 4
142666 5
312230 6
162594 5
435659 4
71753 5
190783 10
625449 5
279516 6
725788 4
959078 7
828098 15
530375 8
831236 6
214135 13
104135 10
754385 12
952719 15
498708 12
977329 14
890443 1
219677 3
708776 3
887753 7
48306 3
679163 7
431709 4
230516 15
778420 6
761061 8
206441 9
237737 7
319473 9
571565 10
30150 8
501415 12
26238 7
826398 14
67458 1
299003 4
140170 13
136293 11
67242 4
431522 16
304259 10
643367 14
576227 1
344115 14
225315 15
264798 13
918330 14
226886 1
140563 6
215353 10
518254 12
404883 1
157273 1
313096 13
943345 7
407913 2
4402 2
805212 11
128878 7
990652 10
618732 12
265693 12
45376 10
189027 1
965481 10
578781 15
680637 8
279368 12
891210 14
933786 4
796059 4
758766 14
936461 12
617065 5
382717 7
928570 5
219651 11
3783 15
390122 14
75197 7
980970 4
994849 2
142256 10
844177 7
98404 14
968655 15
198317 12
548006 2
814306 15
41838 11
388002 13
608989 12
619971 12
918705 4
148391 6
234091 10
136848 13
142601 10
158579 15
310500 8
523371 16
525876 9
923499 5
256949 3
883311 13
721645 16
625807 6
645568 5
955296 6
789566 10
459249 15
82492 5
130189 15
104061 10
712009 6
498977 7
729448 9
252356 6
419159 16
62160 3
891421 7
450008 7
868128 12
84044 12
612550 1
204105 5
109010 3
41658 14
245171 6
996309 2
2049 3
761992 4
31536 12
652531 9
288491 11
548164 14
301658 2
777095 15
318944 12
218407 16
918772 15
342676 2
679120 11
835185 15
62917 6
831921 9
821326 16
686949 4
494835 13
880976 5
697177 12
899603 5
853976 16
999658 2
687703 8
331645 3
257906 3
249067 8
117236 12
391314 1
203783 2
978224 6
902858 11
636637 10
148007 10
869304 9
576933 3
530781 13
901031 15
213786 2
500846 8
133230 8
776936 12
441926 6
350154 4
958020 5
616287 14
931904 7
943172 12
172859 14
210517 10
809621 3
485388 5
916164 5
260344 1
216219 10
565861 5
595417 12
911181 14
202533 10
11458 12
122795 3
631194 3
776187 15
715420 12
877632 14
524758 5
53610 3
191145 2
23038 16
739960 1
375742 14
325393 5
807685 9
848768 10
567900 1
488057 1
300711 16
520897 4
907742 13
896302 8
956495 16
444858 13
644619 9
20208 10
504568 3
192784 14
801330 12
651385 15
243366 10
929075 5
861053 4
205829 8
523296 9
858667 2
693799 11
732930 12
837750 3
566694 10
387373 3
952236 6
696080 14
125692 6
251816 7
867538 10
880305 7
725132 12
65150 6
799766 16
149656 1
459409 4
501865 16
335947 9
79706 7
275425 5
632076 8
639009 9
746270 14
716909 1
347287 9
105983 8
94362 16
927352 10
63984 2
646392 6
594079 10
427213 13
191291 12
273302 11
491049 14
654998 5
577610 14
691656 15
566770 7
749762 9
443135 9
772682 8
133871 1
199705 6
96864 11
396854 2
555494 14
508539 14
142518 8
126614 6
95305 3
352518 16
163299 7
450189 14
567990 13
640433 3
635831 7
653810 10
419963 16
889128 3
674605 3
840920 6
877533 13
613973 8
378623 6
596243 6
551988 3
854875 9
173944 11
526275 15
177595 6
288640 10
454019 2
641879 7
569931 7
103974 2
873629 14
87870 12
635860 16
965883 16
593991 5
292832 10
962958 13
180726 11
426072 16
799252 6
625061 6
661344 12
491741 9
460776 10
912729 7
88903 12
808057 7
487741 5
503121 11
472361 13
184558 7
10156 14
909749 8
876841 11
507659 9
946967 1
743952 1
542687 2
997911 4
371600 4
201420 9
839260 15
798662 5
851290 14
879332 15
137282 9
532301 9
669068 3
403165 5
333319 6
107771 6
501956 15
381858 14
979652 3
57417 14
699944 7
245652 16
533668 13
653761 11
267585 16
619757 10
85100 6
435358 10
386481 8
106247 2
351752 11
946975 7
70255 15
140169 1
321756 5
286011 4
74443 9
268566 11
636359 7
654314 12
142899 12
34340 7
806783 10
809821 11
151048 14
876690 14
684576 15
465844 1
406061 8
443705 13
112796 9
694596 4
199783 11
533088 12
40648 7
226558 12
670049 9
50804 12
735349 9
296166 11
145559 2
442954 4
506648 10
620250 12
933571 16
343932 5
42460 13
226876 11
11826 15
935000 1
300850 15
397431 16
539356 8
170135 16
100178 16
778198 12
625702 3
541492 11
937923 3
533495 12
141202 10
389297 4
676450 6
555405 15
408617 11
814218 1
45120 11
871654 16
272398 12
627273 11
30467 10
283898 15
519090 1
709914 12
124080 7
56125 12
435823 11
222865 8
327763 7
861695 14
958920 12
122452 14
694393 7
797672 12
902788 8
7263 2
991046 12
703986 6
603124 2
242328 16
738575 2
270078 15
570737 4
645 15
947961 6
292800 12
50981 2
612034 6
99624 5
337803 5
292217 9
254838 6
638039 7
266710 11
566127 10
183683 15
823813 7
116420 7
370791 6
119589 1
672626 11
338242 7
683342 4
224062 7
437840 4
600142 13
785668 5
626470 4
628855 13
54515 10
419947 6
819404 12
94376 14
847774 14
667089 7
759323 16
46974 7
818500 2
943806 4
330120 8
970488 11
154272 16
12574 8
995106 9
500082 11
581939 16
726591 13
751652 7
349816 1
958962 3
102675 4
615985 7
775590 11
554502 13
282030 7
942140 16
475138 3
66544 1
108451 16
146783 6
971819 15
690519 6
419061 13
732420 10
152190 9
847311 5
891333 11
486967 3
769012 11
43986 5
406617 11
303671 14
972893 3
504949 8
285490 10
568916 7
946362 15
749236 9
707082 5
116738 7
614402 7
692070 16
658746 2
911242 11
16491 15
661885 2
610458 1
263732 4
812422 12
579346 9
726290 14
767042 5
783468 5
362237 10
868098 16
21080 4
531844 6
265111 4
739775 8
604763 9
520278 13
752416 9
826989 8
32608 4
509574 9
447559 2
867769 14
612758 10
334038 2
141689 13
466628 7
105995 6
169085 9
256884 2
792741 13
774254 10
293694 9
293352 4
671177 16
778735 3
425449 11
172004 7
968823 13
691282 16
250304 11
111467 8
598109 4
739309 3
189729 11
385769 4
41035 12
229468 8
185067 14
556648 6
292771 5
665535 9
576711 2
580762 9
297298 15
312573 16
516824 5
757336 6
20916 15
992902 13
896689 13
493684 4
256460 15
482506 13
951982 3
895754 14
616140 15
359914 9
13449 3
834255 3
665882 8
255192 5
679999 14
752532 10
623428 10
812435 3
942846 3
903947 1
331356 4
616324 6
609166 4
305329 15
258458 1
460417 5
751061 15
320662 2
256985 3
665806 8
704942 5
467507 2
354681 11
274754 3
266628 3
200187 2
634320 3
882053 11
224288 15
42296 13
751508 5
583083 7
855686 15
579831 8
539129 8
899431 5
910269 3
642544 16
253997 5
485542 7
35512 9
941852 3
953151 3
750830 2
351358 12
547892 7
984187 16
189243 9
850903 3
700599 7
220470 4
153445 6
654042 13
806426 16
694910 4
64694 11
973403 7
312884 2
60808 11
131796 5
502009 8
11160 16
802681 9
772662 10
638688 8
474166 13
435911 9
627669 14
820910 11
155210 1
415084 10
133637 8
416852 10
232920 1
307026 2
997896 11
147761 2
979163 5
641718 3
367199 5
647056 11
801755 11
23522 11
133353 13
999994 9
53371 11
831597 4
750065 2
859160 12
610900 7
149592 15
529007 10
289664 5
193435 9
160311 1
249323 9
940395 7
582284 5
936160 7
399957 11
819148 2
49602 11
158182 10
434569 14
863316 6
183776 10
668868 10
227971 6
32253 10
734760 5
7110 14
635324 6
149506 12
42744 15
779355 4
987972 3
574741 12
529050 9
896123 1
587034 13
913557 16
603412 6
339546 13
485364 10
191365 15
533585 2
148483 7
379040 14
402142 10
57368 8
831159 10
73326 3
70109 5
914318 4
412768 1
806317 2
538943 7
72294 11
938989 11
199801 6
879088 2
837856 12
53215 8
434564 6
526255 15
28257 16
71875 15
625491 15
901476 1
168570 13
628831 13
541734 6
101769 6
993839 7
730665 9
76399 16
11035 13
295988 2
642405 7
830064 5
683642 7
436151 9
418235 11
519389 11
223828 9
664720 15
285708 9
265643 4
842177 1
409930 6
67063 6
847181 15
523298 11
391465 16
921101 13
302123 4
366923 16
99413 9
781504 4
674812 14
525815 2
639962 1
67287 13
470402 11
488900 3
664880 14
995920 2
903257 1
450107 4
112426 16
269850 6
96745 13
256622 1
417832 6
671376 3
779790 11
793904 6
463100 14
212552 9
287875 13
700140 6
726046 9
574502 3
788461 3
62871 15
844908 4
93219 5
350725 2
220026 8
51140 4
455185 3
230765 6
707502 4
572558 9
566683 9
870751 7
884025 5
680455 3
486768 14
539424 6
434892 15
633521 10
886598 5
782549 15
52721 9
656588 12
195204 6
34033 13
858894 3
461185 1
206102 1
699353 1
238091 10
467193 8
990632 1
739054 13
194785 4
239838 14
257180 10
254937 5
121597 16
882132 13
149352 10
914817 2
851899 5
651705 5
877731 15
958627 6
544503 3
419928 12
781793 1
337288 12
401701 3
15424 10
222674 8
705734 13
743930 4
642046 14
157619 10
533255 16
348314 3
784425 3
58869 10
310785 5
538546 3
924908 2
740648 5
12067 11
380652 5
951345 2
498911 1
693759 15
550472 3
156995 10
791405 2
320097 9
177957 11
957127 12
589996 12
880861 2
87238 10
377785 8
950166 10
610595 8
33261 14
815950 9
767051 7
864473 1
99313 5
637652 2
357841 7
705863 16
865628 11
383034 15
704403 12
463255 3
262509 2
654878 16
854223 5
841796 4
264803 14
189143 8
515524 12
419209 9
757182 3
905191 14
979156 10
384296 14
595755 1
910803 11
598512 7
712645 15
987750 8
457019 8
307515 5
394381 5
236788 4
531434 8
974279 10
163487 7
442785 6
203873 11
204948 16
508120 3
760817 5
522792 6
619418 16
383244 16
101163 8
672144 1
38167 4
217676 5
834163 13
16032 2
254513 12
472393 11
848893 16
704852 5
18873 15
906113 3
43218 7
454278 11
393072 11
716571 2
939837 8
846020 11
965168 6
825981 1
743216 14
32238 6
477493 15
753237 13
941495 9
106012 3
73757 5
526512 4
121498 4
861274 9
378696 11
169327 8
919725 14
338543 14
335639 15
475918 7
692707 10
69378 14
693212 15
249474 6
969933 11
430023 1
878366 5
155282 15
551850 13
789138 10
981195 16
933461 8
616845 9
560702 12
340546 13
615630 4
312080 12
16172 9
346353 4
645284 3
584212 3
798049 11
506273 10
323071 5
942137 11
960264 11
90171 14
500423 8
242921 12
118245 12
931197 1
628331 9
964950 9
414427 16
305818 6
509916 10
825914 12
339367 14
944952 14
925948 13
562305 3
817333 14
753530 9
326276 8
205205 4
891670 3
528559 12
10648 16
220256 2
421906 16
391563 11
500403 11
65999 5
629129 4
274700 14
573257 8
237168 16
969745 13
34374 13
666963 10
111631 9
773777 9
611657 13
82349 8
678266 11
349233 1
588765 6
818328 5
213944 15
620347 1
133320 15
306928 15
299636 5
814228 8
895123 7
57944 13
327059 10
299119 1
686416 1
31376 1
104277 6
928432 9
103768 15
22189 16
870042 2
611960 1
307306 14
463576 7
933101 8
395311 1
970392 11
923501 16
534902 4
64389 4
243241 1
391816 4
340743 4
974361 14
421254 8
740710 1
951075 11
939021 14
452843 15
202281 9
324338 14
912807 5
235052 2
995199 14
175882 4
322552 2
570004 9
131887 1
576937 1
206351 16
274178 13
170475 1
447595 15
584882 3
809390 10
728677 4
348747 1
697829 9
676594 16
899323 2
343503 4
676642 5
966117 5
787149 13
232454 9
831457 10
537899 7
605767 3
747844 12
679179 10
958511 10
793295 10
533498 2
351291 16
12014 2
771437 7
292351 13
817753 8
77256 16
703046 3
458789 7
291935 3
17040 1
2196 14
559179 16
915207 8
588937 2
706448 1
403764 8
233511 1
598346 11
730853 11
323007 9
177806 9
865918 3
832936 12
267329 15
440430 6
788471 4
231602 3
499831 7
4310 10
456938 2
79133 9
111097 12
144146 16
20410 1
751499 13
246787 3
381320 3
937840 14
172676 7
782874 5
763045 10
235594 16
730199 5
103640 8
452006 12
979289 5
497032 4
986149 13
171711 12
54370 2
474032 15
627682 8
43559 9
340940 14
548345 11
912798 10
880140 5
499146 5
904901 15
411369 13
205040 10
171964 15
103383 10
989355 2
162662 12
623597 4
322417 1
502097 4
534372 11
109886 12
780274 1
130861 5
59090 11
801907 14
846715 2
178055 10
117485 6
655201 13
992990 5
637915 16
869281 10
967933 5
228103 10
50730 6
709848 12
112247 16
568380 15
29456 5
52833 14
418239 7
673168 6
673006 10
181414 9
548343 1
570310 1
723878 8
963642 7
456880 12
165378 14
792863 13
706975 15
577887 11
795409 6
534727 8
949306 5
609516 7
442802 4
370880 7
705007 16
522224 1
977905 13
50357 8
823565 2
756485 1
966161 13
827344 2
857001 6
388860 3
65228 10
499925 5
856467 5
147843 2
283169 3
165363 15
163844 5
312671 2
54351 10
112131 1
691916 14
956797 3
870807 9
819038 10
217989 6
966530 16
719649 14
154432 2
504027 14
765279 4
654570 9
108440 15
52357 12
752128 13
553351 1
228560 15
127751 9
506520 7
942944 15
802146 6
248350 15
603242 10
455410 13
879789 8
134828 10
613409 13
28236 6
759089 3
799318 13
480878 6
100160 8
739585 3
680988 4
836841 12
497504 7
183390 13
843118 14
329183 11
348243 3
423206 1
146832 2
794259 11
138242 13
562587 12
988419 7
389500 4
994855 6
273238 3
80319 8
707191 12
9082 3
792689 2
52795 4
490665 13
839812 3
657783 1
193331 1
964889 9
975926 3
632013 11
388969 13
250402 1
445298 10
857617 13
848205 10
937780 6
683603 9
246392 6
604091 15
273579 11
534643 1
63050 14
856631 14
850053 16
619440 8
856464 9
895488 2
805482 9
409461 8
617892 6
540950 6
577993 13
270388 16
992116 10
894949 16
897862 9
657047 7
79581 7
212114 11
498033 5
389339 11
456 13
157308 13
129155 6
699789 3
686291 14
619214 11
847815 3
994485 4
919692 5
626521 8
548196 3
741088 3
726428 13
941564 15
777850 6
568405 11
986794 14
670036 2
489389 2
803861 6
288678 9
24738 14
129733 13
544809 5
363836 3
984607 9
425475 7
298585 3
518398 16
759813 10
683558 13
83748 7
193701 7
550051 14
568158 3
355778 13
226820 15
163525 12
45193 7
829826 7
529419 9
379589 11
696555 10
58004 8
2313 13
795031 9
560161 15
723641 11
24388 10
458445 3
678499 16
336524 12
589484 14
514091 14
709187 14
670744 3
631646 7
738539 2
435908 8
626617 11
814705 6
188778 15
591753 8
665880 12
67960 2
806626 5
444444 13
735710 4
184464 9
93729 1
337561 2
46457 8
941408 1
297364 9
874797 1
153893 14
871437 3
697398 11
19020 16
840509 9
609594 6
561045 4
527085 9
989651 3
55197 1
852608 12
924512 10
954422 16
403972 8
791151 3
308470 15
134176 8
370840 7
499285 15
966969 14
949409 11
524590 6
18836 13
391126 15
803754 9
204524 11
495509 6
444587 8
637089 6
1551 2
670050 14
835132 12
379012 5
901332 14
620609 9
999287 13
562473 5
72834 16
316992 2
860292 1
237352 10
698720 3
710444 6
323768 8
608263 2
566117 13
422496 4
606666 1
956449 5
230880 5
672928 9
283339 3
138876 11
758808 2
964981 12
381955 10
464469 7
615291 2
106136 4
989663 7
537809 15
657942 10
111148 15
345497 16
607001 15
457444 8
162372 13
55663 14
735669 13
109448 12
834395 8
978787 5
153263 15
538529 9
866258 9
679505 7
666665 12
222621 14
451789 7
653970 3
161773 5
719031 11
961916 10
92428 9
114570 4
193357 1
359620 13
178725 9
139560 8
73673 6
886455 8
962819 7
810897 3
625959 1
557094 5
482332 5
386559 8
48720 4
419952 13
132366 6
250612 3
341412 6
655974 3
387333 2
171996 11
292269 4
478754 16
386439 8
937864 6
463760 12
842129 5
202017 14
245750 12
15025 15
803526 15
214155 11
987413 10
140288 11
216799 6
254291 16
631099 12
326208 4
341953 4
22055 8
751815 9
588471 8
592088 5
117899 11
183413 13
716326 3
808859 6
184714 7
549602 10
334021 2
102254 6
94288 16
867196 5
314092 16
717009 10
404126 11
470526 12
952132 8
580466 6
341859 15
52914 9
969263 14
195518 12
527611 3
283028 15
523241 11
213365 14
664021 8
67722 13
583268 3
469427 15
356571 9
123962 15
749977 12
388110 15
155671 12
450919 1
967953 14
297173 3
483013 4
160136 8
112965 7
7884 5
114321 8
689085 1
183933 7
55067 6
804518 7
338569 14
73552 15
323962 14
698270 6
417458 5
509210 16
943516 4
714577 3
430127 9
814464 14
581241 6
645830 4
738983 9
781004 15
620523 8
598673 8
974308 13
510887 10
908460 6
294117 13
470704 15
643 10
594212 10
23915 12
795849 2
428145 2
216914 15
373800 1
15960 11
293475 3
197610 5
643816 10
128169 12
585350 14
397013 15
170869 13
155667 8
654313 12
713582 4
40274 7
757081 7
740321 11
208298 3
494059 3
498771 14
614472 12
549652 5
68459 10
363773 14
575951 3
559239 16
884343 4
171019 5
943007 10
449762 11
789347 16
263730 9
930567 7
479259 2
564220 4
792509 11
829893 12
82602 13
35072 1
803494 10
957151 4
331464 8
213778 11
888930 3
519541 12
156480 3
948036 2
141870 10
70255 12
918244 11
723093 8
573586 9
423202 14
833031 2
853288 16
623230 12
661908 13
961765 6
996666 8
75478 9
103523 9
314546 8
854285 4
674229 5
282416 10
917686 12
825776 13
78713 1
538037 14
958823 9
373205 15
693311 6
106093 15
482580 8
575289 6
638312 2
358312 16
655148 12
735075 8
122516 5
182149 4
849733 3
229102 7
967177 8
427286 12
106162 10
220945 10
986960 11
947544 5
806758 15
56563 6
591224 5
922603 5
841630 5
572364 10
353385 4
584445 7
567224 9
916066 13
121594 13
678693 14
407276 8
314475 9
639646 15
892497 13
916884 1
91834 8
876108 10
912340 2
692407 3
857798 10
368661 2
993041 10
57958 9
727229 10
967131 5
956311 4
907007 13
137339 8
233637 14
353544 6
80588 5
364245 14
868044 6
590445 8
812695 12
205406 6
10717 7
370859 9
172040 5
696422 14
704105 2
266624 1
283146 7
906830 14
542362 8
605202 15
633386 2
642326 6
196841 12
740467 12
726239 12
669090 16
799870 9
344754 3
361477 4
218003 4
308783 5
536640 11
678425 6
479727 2
188072 6
278261 1
534999 1
533359 3
742628 13
437334 14
593716 8
360424 14
499724 8
129516 1
679527 11
508045 14
449323 1
752470 11
830013 5
85713 16
302248 9
514959 10
908649 12
86244 13
949634 9
642421 11
343041 1
377068 1
40103 1
271741 8
500592 5
244781 14
731717 3
118112 8
992113 15
102539 10
727470 10
353680 15
902808 15
336433 11
838698 5
944867 4
63534 2
319631 12
607005 15
470452 5
339380 2
365483 3
590502 6
735544 3
866810 1
860745 7
200923 12
74253 4
757817 13
854270 16
69056 16
155968 11
15191 4
146039 9
471669 3
816642 15
545917 8
361467 4
536331 10
949890 16
438595 11
51216 10
222462 2
94943 6
711313 15
532882 8
435509 11
343365 14
926100 8
18241 2
346415 7
155539 13
115758 9
939070 13
643547 1
112827 14
341280 12
931982 16
549856 6
91047 1
351082 8
208040 15
233936 9
461747 14
36955 11
903928 11
754089 3
233451 6
720757 8
71863 3
569176 2
97373 11
658998 14
6874 4
140620 9
91485 6
368175 8
946175 13
182558 5
137954 14
100273 2
847716 9
571660 1
470329 3
903449 6
657541 14
388747 8
304284 14
486213 14
383785 2
621710 1
427451 13
980512 4
756234 15
38771 12
998585 5
644842 4
66161 13
856929 2
702507 15
821048 15
689418 6
91006 15
332410 1
780278 10
655862 12
360884 13
479959 2
639521 9
302407 15
628690 11
456571 3
686289 3
369770 12
213369 6
344855 14
715468 7
570990 4
699527 5
986276 14
842538 13
593710 7
850210 12
371784 6
511873 10
689425 3
680963 13
18939 3
370253 7
891438 4
665698 14
29634 9
3793 2
487451 10
17231 12
425222 10
771688 16
975190 4
954800 1
15453 1
465886 9
125031 13
148169 4
197345 1
708304 13
581556 6
414839 6
297707 1
616424 4
596183 6
176147 4
410076 7
463372 9
426809 1
135071 3
728253 4
11865 7
652913 6
452567 3
918540 3
3598 13
170923 12
777013 9
886848 16
527725 10
993871 10
756830 7
2603 7
351159 8
113535 9
560350 16
283622 3
14499 11
306160 12
866422 12
695056 6
916531 10
950451 16
218184 13
967553 10
356081 10
397246 3
837438 1
529005 6
398857 6
473381 12
794346 13
930773 14
888865 15
419731 5
174446 5
862403 15
618825 8
732999 2
660580 15
75482 12
213786 1
900711 9
912478 15
807334 2
312236 10
439704 3
702169 6
833979 15
370819 8
661060 2
977398 1
798993 5
933636 2
732576 6
443761 14
479082 14
366290 15
674812 4
295062 14
886048 7
559007 2
643099 13
554450 11
659995 9
230477 11
44549 16
284711 9
364312 7
252480 8
377844 4
29314 12
971804 9
725834 3
930907 15
268223 16
689772 11
696640 12
168249 12
303327 4
752607 9
652388 7
956317 5
738735 2
603282 6
157949 14
87236 11
326995 10
859456 2
271195 16
197473 16
321071 8
689786 16
728856 10
885561 7
160827 5
567672 16
394304 8
144171 14
362842 13
782870 5
228672 5
252648 2
622543 10
635859 6
668442 14
742979 11
403170 10
618992 9
861842 12
572420 6
38919 6
120866 9
420243 1
46366 16
717363 4
71583 8
514492 5
484176 1
271451 1
82718 15
120971 12
663493 12
239968 13
44695 10
160127 10
946011 4
43908 10
224006 9
418367 2
978221 15
856227 4
226069 4
303506 9
694643 15
557152 11
125589 16
267736 3
660707 3
347705 16
267106 2
934828 2
936910 10
783820 9
707891 7
496694 2
731816 16
806052 15
228414 11
489050 4
419272 15
870603 1
569252 11
144730 2
686951 8
503447 3
930146 8
491388 5
907233 2
116754 5
590415 12
849462 10
380054 1
609310 15
488470 16
876400 3
139559 6
852624 3
963164 2
127682 15
581803 9
802932 6
128149 14
601122 6
758864 7
796883 11
186631 16
888671 7
109327 10
450469 11
947428 12
206791 15
332851 7
288168 8
165925 1
676719 12
96483 11
864604 7
269307 6
713457 11
401793 16
963909 11
432027 11
721039 10
132600 10
941526 10
313681 12
748337 1
977004 7
933138 9
550166 3
692852 14
412464 11
224764 15
360630 4
547248 10
73273 13
587424 14
941522 5
67593 14
924478 15
150565 6
285044 7
752761 8
254730 4
296187 7
382909 15
281473 2
563631 16
38821 8
334899 8
259122 6
273227 10
7841 7
946344 3
542847 9
842384 1
290985 10
375694 4
750766 16
710686 11
855746 8
386346 8
658883 10
306246 9
652687 5
644788 10
714248 14
543605 14
756724 5
221868 13
315451 8
278918 15
646240 12
227421 9
319692 1
818250 15
759958 15
413962 5
332690 4
344937 9
138457 9
902370 7
346232 2
671170 1
274313 10
205700 8
590519 16
