2275
70726 15
300472 3
594382 14
771203 3
113277 5
750734 11
220522 13
980733 2
995052 9
664238 12
898544 7
309042 9
210541 5
568832 12
553824 14
980317 10
217443 1
313538 9
256607 15
611666 2
73166 2
928739 15
585638 15
859970 13
989677 15
760925 5
723577 4
621678 13
928430 14
374303 13
60058 10
760235 6
120396 1
624180 1
745921 7
257116 12
768339 11
145451 2
834435 9
587391 11
670662 11
412446 6
883762 13
643969 11
316294 8
633858 7
988636 11
343463 9
201083 3
927350 8
111599 5
881682 15
657804 9
964498 7
810015 13
412702 3
928638 16
997515 15
847415 5
293528 1
611222 16
787813 3
136369 9
653585 16
11137 5
938085 6
316672 16
358465 3
357735 15
799878 10
500852 9
908429 12
974753 2
382876 2
973106 8
281888 1
314395 8
34944 13
696706 2
499581 4
675472 1
898742 14
38922 5
922707 2
677675 10
744551 12
767545 9
823675 13
796741 5
189598 3
128215 3
310448 8
717964 13
240568 5
557683 13
675087 6
432591 14
77582 14
941901 8
422684 4
5084 1
881607 4
597272 11
781419 7
226821 13
616582 7
95973 14
417545 4
661248 14
1872 5
363633 10
36177 13
103346 13
712632 5
395992 10
814540 15
987362 11
387048 3
785400 8
921417 9
183551 6
779335 3
286118 10
355701 11
940630 16
91376 5
525761 12
433772 7
873807 1
256100 14
411957 1
700493 7
12898 15
653583 2
191867 4
728086 16
21737 9
867734 2
20382 5
644061 7
150842 8
154958 5
797823 7
851020 7
569045 2
599693 2
456317 11
447679 10
430862 4
768358 12
164420 2
595180 4
479190 13
733940 7
246606 16
269925 16
178785 10
172883 2
906733 8
912432 9
325332 5
220213 9
391760 1
565909 2
246565 2
912332 2
567247 3
558699 8
963106 2
831276 5
305012 2
192726 3
52428 9
462609 16
344208 7
133891 10
666648 2
603397 14
557499 9
177243 4
697836 14
926141 8
197159 15
907256 5
804620 1
120844 11
73533 4
754345 15
742546 12
671135 1
461284 10
606687 5
96306 5
762620 5
675496 8
897798 10
178548 15
538563 13
190697 12
327901 14
469463 11
773119 4
897385 12
833007 13
687101 15
672948 4
346029 12
146790 13
559517 5
59240 2
124899 5
79190 15
949477 13
507030 10
434958 12
692412 14
103962 3
267475 4
906426 9
98583 10
934210 6
907216 13
348476 9
370144 6
121149 5
397178 5
861484 6
342364 16
990881 12
786690 12
800806 4
568891 12
526877 14
990490 9
623173 4
370608 1
86940 12
195020 5
312173 3
927834 2
113714 15
810455 12
520068 3
658276 2
892060 7
635411 10
707335 14
997216 11
92469 2
396877 14
446206 8
588573 16
338403 12
760022 8
89359 5
570892 6
630979 4
697686 4
524290 11
472217 14
697611 15
666992 1
336224 4
266102 7
690822 9
592802 6
590484 16
887380 9
163876 2
433550 6
362573 13
771951 10
680582 1
20852 16
137603 11
264651 14
162783 5
675874 16
316905 5
837683 15
221810 8
432590 8
698808 11
698287 14
558932 8
987996 14
871784 3
144279 9
826063 7
511907 11
938264 15
711423 3
302975 5
172582 12
664260 16
185690 11
125427 4
667086 9
495193 6
409912 14
730815 16
751737 1
111203 10
26456 7
425562 1
905887 12
784312 9
241445 11
144057 4
541118 11
788523 13
5226 11
258799 16
374657 11
897213 7
970956 7
730109 9
855369 4
827248 12
655081 11
904730 12
964893 2
980243 4
930790 5
337399 9
248109 3
495998 10
238323 14
522016 10
668594 3
618398 12
475012 2
258457 2
631566 5
720509 5
48115 9
965746 16
37446 16
244875 10
205404 7
723905 14
657245 11
62781 10
942866 7
929000 10
651244 15
975923 8
688297 3
223628 1
305350 1
376150 4
988313 5
941251 11
332269 12
704482 7
106073 2
97447 13
832741 13
792198 6
567863 5
97500 16
477916 8
150024 7
861602 16
335452 3
340310 10
43055 11
393220 4
356545 15
798825 11
165665 12
77265 4
100897 14
855175 7
815005 14
203591 1
802860 3
679115 14
372848 14
353744 13
675033 6
858013 6
872197 7
544663 2
640796 2
37114 3
973182 4
974789 1
409392 4
551631 7
596097 9
130477 12
67808 9
182407 1
290501 8
72505 7
375860 12
901634 14
280784 6
193057 3
651996 3
727845 16
514518 4
403015 13
17163 7
630293 5
757268 10
935262 1
773569 3
181841 7
568583 3
691756 10
812188 10
197133 4
635432 9
517030 10
165644 7
941612 14
903062 8
321967 7
432129 3
596867 7
616090 15
777031 11
984932 9
898230 9
464960 13
145342 7
78475 15
214972 11
528172 12
391084 15
708836 13
201307 13
722644 10
151983 11
522567 11
97295 9
976151 7
576948 1
936643 7
996768 1
168141 11
258474 4
551943 8
216886 8
219879 1
218372 4
414000 15
151183 16
365883 16
363926 5
513692 14
420522 4
198532 6
504223 2
545667 16
199727 15
525826 8
712776 8
401005 9
584003 9
760297 14
581201 7
248475 14
506953 6
399185 7
209046 12
55755 1
144909 10
719613 5
905435 4
403037 15
706430 16
628307 14
459226 3
450108 2
733732 11
127934 8
264009 2
664156 7
111696 10
194634 10
522156 10
32450 9
628414 8
45710 14
347455 12
202646 9
422700 10
733215 13
41206 15
472754 4
401262 6
994782 3
116117 14
231624 5
944413 2
626618 2
154930 3
66898 7
788618 15
438839 9
797986 12
51461 13
978157 5
399580 6
49975 8
643319 3
159236 14
114348 5
302140 3
436298 6
307600 12
465725 8
181238 6
319539 7
189200 1
232774 14
643852 2
498975 1
926240 11
829829 8
81532 15
161290 2
227065 1
639359 9
365536 7
8514 11
788687 10
610106 11
623856 4
447140 5
247002 15
481720 15
487642 5
405623 5
426671 14
754735 5
281400 15
584116 13
121649 11
324985 14
757717 5
718788 15
90173 11
424256 7
92971 16
671446 1
169277 3
519174 4
677118 11
885258 1
347626 4
458025 4
31899 13
533452 4
975953 12
132414 10
121917 9
61455 10
955566 15
140378 15
10279 14
99388 3
361056 8
834777 11
398324 16
517709 4
115146 8
767904 11
862149 10
419465 2
175105 15
836876 3
416109 6
702428 1
696748 11
364602 3
114031 5
762971 2
967940 1
568300 7
776295 13
406013 6
685824 9
225227 3
202807 2
239838 3
135185 9
865058 11
619944 1
741305 9
931943 6
916600 11
162938 14
802842 16
380919 14
466343 15
91518 10
54309 3
570877 15
783321 9
609048 11
2080 5
234249 9
562725 2
228497 2
61840 7
83980 8
124243 7
82886 13
487168 6
300044 5
526877 13
318126 8
565177 9
323203 11
709103 10
31331 5
506919 1
913267 14
336269 4
909325 3
668062 1
354766 1
86164 3
472533 15
309359 1
586628 10
900339 16
503905 14
148944 2
190087 15
643832 11
405530 6
32843 5
490492 16
48146 12
282112 6
96920 6
537476 13
71656 14
634544 16
900366 10
964437 7
503635 6
308703 6
476569 1
232517 12
471014 10
373805 2
109029 6
478363 1
438305 3
565877 1
883319 10
575725 16
877384 12
509645 1
386094 2
52143 14
523654 16
481176 6
430658 11
35938 10
179157 3
846817 10
858764 11
470607 7
825717 1
927630 7
577928 16
59279 10
149891 9
314784 10
112159 1
29281 6
774497 10
381108 15
782635 12
398826 14
830930 7
432461 13
90847 6
857797 13
474603 8
904876 10
412126 4
267764 10
460953 7
688501 3
87460 3
471384 5
595877 6
85594 13
674739 9
541742 7
246976 4
950776 2
653782 13
203745 1
265498 5
17750 13
567703 14
113699 12
750503 16
400527 13
163662 1
969924 7
692547 16
739473 3
261834 7
106979 3
332242 11
536742 15
836675 2
152529 15
182934 1
804547 15
350805 15
44351 7
129161 13
968145 4
615963 10
705158 9
654024 7
583892 3
477287 7
591633 3
33630 7
289043 5
281205 10
768783 15
252880 4
574512 12
703707 10
465088 1
30941 12
468129 2
55217 3
230122 15
577874 8
381728 11
863609 11
165913 1
544601 4
720847 14
140731 4
293233 8
841874 14
124108 6
413106 9
152146 12
827985 7
930636 2
665356 5
260832 2
701088 8
963274 9
436978 4
208731 11
47571 13
979274 2
853534 14
145931 15
691280 5
495867 12
350125 13
738652 11
393575 13
739241 15
129362 8
525769 12
820929 9
628625 14
348252 10
120729 6
686355 15
76545 16
461781 2
739443 10
839901 1
445501 9
280622 9
740939 10
208229 10
93663 4
435813 4
388394 12
535569 15
870694 12
484949 10
458894 13
980334 12
372553 15
346232 2
175378 15
557239 14
124484 13
429549 9
317628 8
653551 3
705786 4
315104 7
615761 13
638117 14
888530 10
803213 11
489911 16
875345 6
118598 5
484449 10
704231 13
933970 8
195677 12
947076 7
430231 10
700630 13
375582 7
852511 2
459092 6
472620 16
706068 4
495400 4
214666 12
81702 15
338385 3
220353 14
81838 9
444980 1
640823 14
110603 1
27071 4
964987 14
422884 7
473215 14
162471 9
412042 4
587546 2
622755 5
58677 3
86888 13
571567 4
210681 10
775478 10
687924 4
5393 4
455592 15
444122 15
701428 10
368603 13
7038 9
486130 13
5528 9
791982 13
313239 2
723832 5
879882 16
657505 11
439346 3
925343 5
56592 9
703115 9
320527 5
899949 3
801903 9
70346 14
956328 16
464045 6
353784 13
931755 8
879642 4
419178 2
946205 12
371727 11
931278 11
914333 5
989745 1
680562 15
493354 15
666589 1
312458 13
538160 6
582410 7
229084 15
492226 3
462097 3
174287 1
684507 10
382990 2
861403 13
463818 7
933573 14
524786 10
946126 16
960189 8
974134 5
162060 5
392314 3
369127 4
32306 11
569219 1
307302 10
537019 15
946121 13
944469 10
651111 4
655442 12
106163 5
785757 4
110243 6
925603 15
411276 5
286823 1
746622 3
927870 8
959773 14
827992 9
756660 4
555435 1
407478 10
307760 2
829358 4
329459 15
930158 8
862083 5
124788 16
851288 3
165059 11
929427 13
546159 7
507467 4
644608 5
983709 9
118795 1
252890 13
396877 11
965401 13
799484 15
60211 3
206064 13
569973 2
503950 1
392500 7
331915 14
307643 9
377413 4
184099 13
924648 8
747321 4
84904 2
559728 2
917433 3
97460 5
62088 12
457273 15
945101 7
5385 2
186920 7
538972 13
96175 3
207555 12
105490 1
127747 1
524998 4
990136 13
784930 10
509515 12
125739 1
409469 14
515059 10
609359 1
600925 11
946041 10
383557 8
504922 1
420602 16
440835 3
995220 8
598217 4
496613 10
742007 3
447495 1
647721 8
275467 9
94823 2
366988 16
11890 13
979504 2
90696 8
534383 6
378370 9
386277 5
866566 12
628337 6
528519 7
600570 2
735973 10
811535 6
576774 10
395083 5
741164 1
200761 8
878293 2
835189 10
651834 1
990660 12
509637 15
490774 10
269519 9
262835 10
206805 1
229388 5
643605 15
491175 14
49039 11
178702 6
706036 10
980308 13
379567 7
166780 7
562796 4
26051 8
813685 16
990371 16
867835 4
72274 15
452372 4
840554 13
474735 5
360275 5
280765 9
945663 12
169891 4
636822 2
301114 11
348599 8
555573 1
388810 9
25301 3
922437 1
854728 13
516261 3
10030 1
823563 8
835081 15
106078 16
933261 4
988463 16
20935 9
720157 13
593444 13
334027 11
861900 9
767307 1
79769 14
163273 7
11546 5
674125 10
838971 13
250487 7
935721 5
613718 11
204902 12
614761 15
217793 12
754694 13
308489 2
929640 11
243421 9
636008 8
339843 13
862417 2
118999 2
988649 12
57922 6
972002 13
189969 3
293756 12
551901 12
136763 6
930383 4
514323 10
701162 6
620771 4
963972 14
66524 2
726651 14
343529 14
583164 10
625591 11
761523 10
108703 15
560065 10
306088 15
623057 14
105148 4
89572 1
197400 9
71974 11
834503 12
764130 15
950206 16
7990 12
259085 12
708633 14
687240 16
782536 16
286484 4
981586 16
430930 12
679642 16
227014 3
127158 1
859974 14
69720 13
142338 5
494764 14
847968 3
104047 13
75278 5
402092 8
177538 6
232434 15
307720 14
473910 9
91840 9
832108 14
681053 10
838726 6
403100 7
662488 8
539362 7
259386 4
447128 13
708747 12
116682 6
964662 13
778043 12
40876 14
706785 7
65555 8
528876 6
308878 15
824507 6
567241 4
610932 6
986961 10
793267 14
417524 10
43017 14
853491 5
544371 3
846569 3
323330 7
310515 11
984369 6
859040 2
542037 3
45078 6
487278 12
553864 15
986428 16
62165 9
965897 13
781855 11
282200 10
979768 3
283845 8
969561 13
860619 16
965965 10
751275 14
205774 10
931622 2
576345 12
237321 3
920139 4
935094 15
715100 3
33389 12
462346 13
168450 1
512866 8
965278 7
675255 6
187365 9
790006 8
681898 1
672678 2
688880 13
829595 5
61828 5
891138 11
17851 12
791870 5
514704 6
653059 15
990737 8
572120 4
989568 7
615310 11
833231 5
740578 12
975254 8
9202 11
926101 1
674249 9
370326 2
149289 14
564574 5
837732 7
802398 10
953632 4
273246 4
925255 2
828170 4
530370 16
715116 2
265585 3
80017 9
498539 12
224954 6
126117 1
838811 16
98202 9
70329 5
13666 9
930605 1
798517 2
698005 15
691473 6
207916 10
925239 14
986581 3
485939 6
107051 5
437597 8
632788 12
422338 11
27785 15
723517 5
730651 13
674015 2
821073 6
397364 10
1386 8
6500 15
12948 4
36658 4
74285 2
246144 5
707663 11
475971 16
694642 11
717682 2
832636 5
538779 14
926598 8
90386 10
695378 9
983245 5
832749 4
420301 13
215356 14
956956 16
844570 12
681497 4
112862 15
287917 3
356226 13
9458 1
241451 15
115380 1
584404 11
288560 7
388765 4
775001 13
851189 3
357261 2
980450 15
911572 15
395309 4
391995 9
197126 11
109560 9
26268 5
652741 15
166881 16
579310 16
624581 2
353018 14
267740 14
967465 9
83611 5
733368 6
4381 12
152641 3
163153 14
285195 6
689526 8
350646 7
79335 7
653134 8
275939 9
259118 15
574119 14
944015 12
17184 16
615748 2
188205 15
847714 16
227671 15
187769 12
265570 13
838585 14
971515 14
931053 12
472029 13
415425 12
231391 14
81478 6
812369 4
18739 1
141752 13
976360 3
192951 12
836548 10
195302 2
159778 10
114792 3
491950 4
237907 11
855919 12
234333 13
619920 3
531415 14
526932 3
690054 5
256209 16
47110 5
306876 7
139999 1
287817 12
184975 5
455357 9
290672 14
639647 5
161324 2
367999 7
103766 2
679873 4
255993 5
107361 14
226937 4
986623 16
677789 6
488516 3
804708 8
475274 7
275623 6
629632 11
472752 10
231562 5
390924 10
35249 10
580723 8
678765 10
166296 14
209868 4
393841 11
62157 11
343846 1
789260 8
91943 1
36859 3
592180 11
609171 12
193265 7
65966 3
377802 16
110484 9
586762 12
247642 7
763149 9
832620 5
151149 6
409193 2
969715 2
403457 10
642077 5
384659 12
234832 2
745708 1
501324 12
596745 2
773937 10
873259 5
876127 2
161298 7
946627 16
338472 15
777707 9
659946 9
16422 13
657214 15
39182 14
710173 2
574252 5
679530 4
163789 14
182415 5
432032 1
790450 4
587356 1
163279 12
965291 15
722192 9
775436 6
977664 9
31640 6
769809 6
11597 3
113644 1
735045 11
158980 3
239349 13
779471 7
102855 14
127794 16
640367 1
981347 9
687342 11
986598 1
654075 8
629464 7
530019 5
926894 11
791427 3
32493 4
827888 15
359192 2
95660 9
608088 14
138617 14
184442 3
784985 14
789795 16
7190 2
101339 2
965097 10
53352 13
612081 7
388454 15
267075 9
382408 8
413066 11
786402 15
878322 3
553017 4
43060 2
784174 5
950973 5
354072 1
917846 14
359932 4
501944 6
702398 9
193710 3
338686 13
672231 13
402582 13
682905 6
475254 10
680960 10
845969 11
816374 11
67599 14
283801 12
261478 15
701030 3
260475 16
555655 1
521269 6
544629 12
999674 3
820534 5
277267 2
847458 11
259024 7
427360 1
150271 6
467698 4
956816 12
843576 14
821843 7
607987 2
657203 10
814776 11
668452 11
756047 13
570557 8
469801 16
973672 15
549317 13
662209 12
282076 11
183202 2
913139 2
243604 6
559416 12
114033 13
391829 4
540165 5
44216 15
245749 5
850414 14
52201 11
467181 12
894518 8
555179 13
349780 11
582710 13
813412 5
21401 5
507200 1
948226 9
654784 1
615024 14
981945 5
597158 14
456279 5
579553 12
300906 12
653762 11
495191 2
335913 11
602577 3
861316 15
702665 12
528094 15
102742 9
991190 13
551845 6
519151 14
559758 14
142859 13
274442 14
353983 11
842169 1
98671 15
697575 16
252174 9
901291 14
727052 4
873011 12
69713 3
408741 14
269906 7
196900 5
917859 9
575669 13
449137 15
895867 1
687368 12
655480 15
184509 4
936774 13
968147 6
113561 13
505528 7
175134 4
828519 8
249478 4
568361 9
955888 1
274289 5
449279 2
383771 15
210432 5
695517 14
220329 6
830076 4
986436 4
688416 9
479926 12
364259 2
561875 15
675443 16
91953 1
155329 11
441475 5
358959 16
786773 10
760681 11
479195 5
192391 15
454774 11
275178 8
339472 4
294491 11
921268 4
224356 15
393607 9
666690 3
341647 14
160938 2
29635 10
947286 16
299611 9
322520 12
86288 3
231356 2
560240 8
626427 11
108478 8
995496 2
749118 4
335235 10
80309 16
615036 10
6343 16
747138 4
438550 14
48078 16
147289 16
177486 1
717373 12
266151 13
380462 11
857901 14
317403 1
184829 12
878528 3
239059 6
213615 8
535638 2
768659 13
200839 3
441399 8
932052 13
26166 3
33428 16
356871 3
617785 12
170201 1
817676 12
748836 11
607067 15
904801 11
263884 11
809937 15
749765 4
564710 1
266696 13
216143 10
649111 9
679515 6
269980 4
836239 12
283770 3
849565 2
10430 3
375913 9
559644 6
240282 14
201240 13
255334 2
53530 7
331896 4
564586 9
721347 14
744800 2
343891 15
782395 4
65812 16
875341 13
482015 5
207054 14
848185 6
106688 14
199554 5
818574 10
472135 7
995196 2
817901 3
819787 6
212873 14
82222 6
930880 12
717700 13
885161 9
761718 1
585108 4
596028 11
313305 10
769771 4
2426 11
896122 2
457974 10
610931 8
760922 8
317093 13
361189 4
191164 2
247782 10
994203 9
592044 6
564519 3
679886 13
745624 2
768506 12
565148 10
788594 3
361424 11
977729 14
928901 14
984317 5
885900 15
80459 5
973160 15
218800 13
677032 7
631145 3
403627 2
194879 7
995619 3
894871 9
345363 14
267266 8
548186 8
223806 4
945159 13
808251 6
772058 15
584616 13
46481 14
678912 10
286889 8
455028 1
669070 8
210238 12
280334 7
219501 4
238075 13
717237 10
65271 8
554985 8
175944 4
541567 3
203279 3
635258 16
346856 2
450214 14
859036 3
524502 2
879106 3
293642 3
463176 3
412996 9
242590 1
563551 14
50438 15
488158 7
85559 5
160315 9
458170 8
821803 6
746732 10
212217 10
969615 3
369080 16
625442 16
788705 13
849952 2
21459 5
565016 14
29981 14
910016 8
914436 6
124590 2
689044 8
985113 12
797242 6
275484 8
909047 7
553137 13
760965 8
589993 16
406277 5
895050 8
881178 14
480352 1
179224 8
85590 5
406974 6
257344 3
692136 11
850199 14
147184 2
190756 8
524697 9
94975 10
887718 10
782184 14
641407 10
390812 7
504860 4
301415 13
474140 15
629991 15
143902 7
795177 10
120625 8
573819 9
288243 16
887535 6
636128 5
196454 15
300917 4
616554 10
678514 13
421754 2
216791 1
414610 16
847215 11
6132 4
234237 2
188889 12
944587 14
144754 3
485377 5
693633 7
641267 3
91338 14
434830 13
519399 14
314467 4
350197 3
858044 16
55523 10
369775 7
921146 9
495379 2
595027 5
72689 6
660485 6
982063 6
276364 16
240847 7
56551 14
149178 8
586343 16
225060 1
446865 9
575275 12
352373 6
793045 9
801571 2
886735 6
586792 11
860358 1
345 4
558826 10
233235 9
312391 15
361916 9
62700 6
508213 3
226528 7
134247 10
485790 16
123640 4
570691 4
543300 14
457684 1
149708 10
458405 8
639164 15
485180 6
522935 7
686609 4
762588 9
411435 8
549283 4
360669 9
419074 1
251240 8
218669 3
522390 15
33456 13
930983 1
641300 9
384442 10
282830 14
442176 15
942698 13
955040 15
455308 4
892325 4
777295 2
810911 3
819758 1
779409 15
974087 6
10165 4
768005 3
794334 14
957644 8
81875 4
882977 14
135686 3
398425 15
263109 14
544589 4
551045 11
509223 2
850955 6
622505 3
308184 10
709564 12
123106 16
946396 10
584930 15
274078 4
972587 3
18104 5
785080 2
915401 15
454032 4
308806 9
803765 1
781770 5
766501 4
902918 1
719931 12
485784 1
55182 15
893251 13
51585 5
411046 1
155113 5
488825 7
660345 10
748574 8
622258 5
663935 6
660818 9
830987 3
997311 7
608150 14
415715 13
746883 3
378384 15
182959 10
544202 7
744600 2
363591 10
667850 8
31328 15
2821 9
2058 15
250367 7
374443 15
202096 14
252929 12
535268 10
687859 16
620291 7
332801 5
473474 6
682017 8
735695 4
416954 13
182124 3
935818 1
184401 12
459396 4
928568 8
265613 15
360343 1
908382 1
696575 13
569474 16
838465 6
181118 2
859382 13
416241 15
743375 4
985436 3
978801 10
253735 12
738783 13
166230 15
822081 6
946020 12
307987 4
150497 8
29614 10
396979 11
716971 2
467164 3
93818 1
680913 9
385667 10
269309 11
752048 14
958626 15
138966 7
624768 11
133034 16
826212 16
41561 2
709779 10
571166 5
154647 2
940419 14
103764 5
387184 2
305931 1
116451 5
924191 9
977500 7
550955 14
437835 4
996006 15
848413 5
584261 6
177923 9
222200 1
592214 15
686473 10
904433 5
199931 6
741810 7
656421 14
793026 2
523674 4
871738 6
694942 6
840877 6
570874 15
10865 12
729500 12
935905 15
382400 12
379444 8
585762 9
166176 6
81963 7
467999 11
172734 11
300180 4
237265 2
107840 9
234436 10
197944 13
245562 1
35758 7
342489 9
603617 14
23823 4
580773 12
489836 13
323040 15
563514 15
640626 15
372051 7
283281 11
343453 4
628827 1
519546 13
203342 15
212988 9
700568 2
651371 7
925320 8
163543 11
711031 10
455976 12
546400 13
640380 10
544599 6
780733 7
931560 10
247393 5
20443 4
467464 14
178549 9
734835 5
225416 5
525151 16
387037 11
570431 15
12830 3
477151 7
88372 11
779244 3
59829 6
130351 7
452723 5
542445 5
14960 7
434399 4
385448 10
94396 15
636034 16
700699 11
428277 16
364805 11
237260 16
134991 13
311947 14
265774 16
429958 14
893399 10
323427 8
531373 1
332637 11
5648 3
994186 10
598972 5
428685 13
727853 8
569324 9
397986 11
732148 8
468860 2
279711 8
109726 3
946667 2
666087 9
946890 7
419746 13
281456 7
297131 15
700184 6
427780 6
575102 14
911164 15
651389 1
119059 3
664039 1
227063 3
862064 14
416873 10
924847 5
188652 7
816091 13
767004 7
932685 6
382670 9
168778 2
634129 16
769768 9
760783 11
250138 13
205594 5
779174 9
662230 5
372087 9
887500 3
904771 13
132948 3
693580 3
205187 11
698437 15
277570 1
844851 16
418462 6
967058 12
148149 9
552770 14
524786 6
357910 16
98763 8
436754 9
752524 3
544860 13
408287 12
876724 5
513565 15
546211 9
977785 12
373856 11
22296 8
79034 16
949252 11
495295 7
666311 11
510329 5
842066 15
349164 2
430042 1
548335 16
734335 10
853376 11
718299 8
696867 16
429946 8
288399 10
532756 3
786447 13
890190 8
418959 13
29556 14
19263 6
457691 1
50562 4
236399 10
285680 16
601614 1
664863 6
383805 5
314906 1
44391 9
777115 12
582459 1
310656 16
960679 12
634004 13
465978 11
406902 1
588769 14
687242 11
326684 8
536425 7
972348 1
382239 4
504821 14
109337 12
854947 13
759753 6
416041 1
654209 3
390905 3
985057 15
109930 12
27130 4
299380 13
734811 9
923568 3
754902 10
99610 12
632158 4
544890 15
259427 5
807439 4
813738 7
754615 5
477025 15
996745 9
19912 7
477436 11
67313 13
344580 3
687564 13
76948 15
779634 7
537891 15
763192 6
862770 14
430439 12
231191 3
522312 16
347007 6
94970 7
834899 9
732895 10
520927 2
657005 14
211689 16
303342 13
938749 6
