4866
199737 2
720961 2
899978 11
120937 3
590325 10
236658 15
44825 5
702345 3
63957 7
615949 8
434013 11
942029 2
881295 5
452276 7
815581 12
987201 8
568073 4
682793 6
542575 15
90645 13
876246 3
632381 5
147757 8
632924 11
203206 4
836249 1
876556 8
775520 7
382423 16
675931 6
905814 2
783389 15
90890 13
869164 1
225109 2
219306 15
239796 10
189925 9
582939 12
875131 14
646118 6
697152 5
914706 13
161639 14
236127 2
973757 8
508114 14
384832 15
165897 3
270328 12
108006 5
18094 5
408537 13
480296 16
693905 7
453695 1
591802 12
996601 13
680215 15
393104 16
171712 15
706536 8
695490 7
819448 6
944000 12
120044 6
96665 6
153327 14
865321 9
851569 3
308359 13
390418 11
999613 14
120229 4
192162 10
420768 2
168240 12
582305 10
652826 3
967317 8
605920 9
623360 9
794361 2
628491 14
100157 15
656137 4
995546 8
907234 1
431324 9
804917 3
349538 9
249963 5
611416 9
265 14
215249 6
345709 3
633626 10
702938 6
534402 2
278392 15
289549 11
214944 16
981046 16
723967 3
988688 10
532139 2
286101 13
486468 2
520214 12
165969 3
45311 16
90179 9
815739 3
502987 13
348337 9
956402 14
374910 4
986770 3
891369 4
674112 10
948907 16
507246 5
848751 7
765846 1
859531 12
116819 8
515878 10
376907 10
388206 10
911687 10
202871 14
803072 7
148707 16
796389 1
509048 13
211977 8
155333 11
121412 6
736533 14
253568 15
861126 8
582377 1
265316 5
589543 15
430979 2
723648 2
369464 6
541934 11
418441 16
44849 4
609128 6
95255 1
89011 6
903765 7
377709 5
928054 11
640205 7
509508 4
617306 10
261651 5
636484 15
468135 4
378115 8
987523 11
368121 5
484746 15
623879 3
555962 16
715485 3
474168 1
23041 1
504071 4
888485 14
691269 4
890902 4
533744 13
933481 16
851630 10
480327 9
980416 4
943098 15
383492 12
957380 5
582682 14
638445 16
949188 9
835856 5
354186 1
461001 13
693604 12
479525 2
277444 6
327037 9
556335 10
463850 8
396006 6
854695 2
299498 12
947517 15
557984 14
977208 14
196487 10
988349 5
244198 9
944578 5
142146 10
246281 1
338120 5
186687 10
393019 16
821 9
25136 2
952540 15
498467 2
171356 12
859063 10
584475 3
919481 14
55514 5
552234 7
976273 5
237868 12
159988 1
115040 2
737355 7
313053 10
555615 8
265504 7
689967 16
13656 1
688515 4
79102 1
376472 7
70331 16
327076 2
931233 13
712433 11
189999 4
346112 16
597583 7
899368 13
93802 12
677125 10
818270 1
954770 9
909508 6
284609 8
863187 11
533689 2
564744 13
736199 13
997921 13
785433 8
97490 14
249362 2
730778 4
303343 1
258116 10
699909 10
235343 1
194064 2
220014 4
761021 9
320399 4
104492 6
988908 15
173162 15
239812 14
303913 1
775461 11
157050 9
456757 4
56032 8
122337 7
484430 11
869935 13
313395 7
946965 11
622257 6
525012 3
516350 9
362745 6
614842 8
571958 10
540845 10
52792 15
426385 4
986733 9
737045 11
531704 2
752170 1
855171 1
741160 14
750887 8
697796 4
555767 13
798859 1
851709 15
332661 8
767907 3
773337 16
477818 12
920454 11
751582 2
243027 10
465295 15
657474 2
238782 10
202885 12
932574 9
645300 12
189085 8
459049 9
39848 2
820506 9
426413 3
969992 2
950130 13
854770 1
141491 5
908645 14
440625 2
915542 2
400146 15
777622 7
11344 5
638580 16
112052 9
480984 12
270904 8
170749 6
784167 1
786216 8
738070 9
931395 13
229423 15
351309 11
948724 15
821018 6
302377 3
214793 1
25790 12
358202 2
284138 7
581876 4
226485 1
55667 16
23023 10
785433 14
51022 10
183716 8
77903 16
707409 9
833405 15
844028 10
487151 4
38067 13
854073 15
851222 15
104799 1
943919 3
267940 6
337049 11
455251 12
528950 11
929812 13
370564 14
407672 9
835739 10
798637 10
227987 2
757187 11
967249 11
513572 1
48865 11
898093 13
585503 10
983924 6
287668 1
340306 10
437 3
64743 15
540453 9
417103 8
295657 2
192234 16
617618 3
103156 7
147270 10
276077 9
699346 13
619359 14
570783 2
874748 8
910206 11
220855 4
886552 4
502668 7
148292 2
634965 2
51144 8
776078 14
167131 16
198929 10
96708 1
644227 11
332604 6
746140 9
214452 11
436602 12
577985 2
386789 13
737980 16
796269 12
254044 8
433832 5
26959 2
446356 5
299357 9
445608 4
970320 11
829137 10
589850 13
771790 10
26040 14
952754 6
963848 7
13560 14
172509 1
632576 3
697204 13
766631 10
737 13
989859 3
682465 13
355922 11
223339 7
974665 4
497396 14
660728 3
315326 13
168026 11
696520 14
323983 2
317973 1
957897 12
366709 11
468950 3
289490 12
254577 3
28482 15
957731 7
146306 4
176180 5
217423 7
673017 9
98484 14
584326 8
947684 14
695657 5
772510 14
487518 12
841055 3
109815 15
680006 5
82847 3
856892 1
546169 9
847114 11
209614 1
366268 5
334087 16
387158 9
535150 6
453542 13
731536 7
722374 1
208947 12
942863 13
203757 6
163386 12
815346 1
859356 9
355367 7
65590 1
476907 2
918226 12
508423 12
724206 5
261505 14
767512 7
150112 1
924138 7
213099 10
18376 15
660753 16
638616 2
813148 8
570301 13
304455 14
919197 16
635645 16
65760 2
620786 14
345782 9
963163 1
894056 13
979882 14
345641 4
724702 12
510595 2
444911 14
886338 13
830808 13
280172 11
984197 9
540828 9
283312 3
637175 7
897367 6
991313 15
594589 7
182732 5
420266 6
560314 2
475576 3
640259 6
278188 5
467603 11
82325 5
298397 1
821293 2
564956 4
481956 14
907589 7
758948 16
879328 4
334685 12
363380 4
163991 5
439876 15
617174 15
27777 12
484534 3
169966 9
902223 3
119125 10
775701 4
871095 5
299349 4
112431 12
395460 1
525214 14
55258 1
298405 9
112970 16
119741 8
625905 9
408149 10
511428 2
730795 7
236418 9
728380 7
964817 10
79947 6
442814 14
662670 12
143680 6
776866 3
807939 8
783296 9
902787 1
556904 15
591510 2
79071 10
516947 9
582325 1
726908 6
66312 14
971647 9
147342 4
867623 12
432567 11
489398 1
561482 7
360839 13
774709 4
920965 6
650334 6
173613 12
725778 14
884926 8
222628 12
165048 13
221363 2
826653 16
590640 7
551283 16
153765 4
784984 15
899850 2
533660 8
101087 2
939163 11
795373 2
206850 12
140797 8
493049 9
504949 2
772557 9
68709 5
229070 6
355373 13
541017 2
187986 1
406654 11
691435 15
822385 4
543138 7
332897 4
669402 1
887004 16
930879 1
778381 6
938927 7
434437 15
117040 15
660944 6
667159 5
400856 10
921578 7
801853 10
302216 7
593784 9
854857 8
275738 2
491964 5
622649 8
794487 6
332968 3
237840 3
3161 2
779212 7
193175 1
532799 9
824409 5
900505 2
573309 13
596167 9
654680 3
226679 10
65903 11
940801 14
190449 4
999698 7
293529 14
198164 16
139395 8
499723 3
227911 4
808353 14
215467 5
828957 6
783958 10
628020 11
372648 15
327166 6
604260 8
860140 10
914843 13
292749 3
564284 3
716793 1
458399 6
211730 1
613986 6
952050 1
934587 16
977265 9
848267 15
5852 1
290719 3
903429 8
574094 16
609848 8
144663 7
518323 11
70216 8
56839 14
655503 1
78954 12
338929 12
933722 8
463590 14
669109 9
77480 14
110766 6
817530 15
463379 13
159023 10
671161 15
436324 13
585631 5
710244 10
498232 7
551288 12
741911 9
335461 5
121883 10
876223 8
361401 11
959947 3
755104 14
551614 12
859460 13
35765 13
878228 6
140368 11
705629 16
111460 10
973207 14
498726 16
245356 10
786849 8
244162 10
413566 14
327416 6
792970 4
457848 3
317178 2
930474 13
739276 11
126077 16
49225 16
557041 1
194557 10
210889 9
780048 7
976703 11
43795 14
677779 12
371474 13
471288 7
171126 6
820722 2
208403 12
340644 1
391401 5
681604 16
881632 7
899175 12
4748 15
843814 13
182291 9
4813 1
531003 7
481514 2
818634 4
972721 1
721346 15
719284 8
68227 3
116983 5
168080 8
257849 14
363291 6
241147 5
695946 12
419661 7
891944 14
481542 5
825911 9
669061 9
814616 2
364862 11
383095 9
20207 16
931597 10
1480 2
916371 14
753207 11
20823 14
281381 1
463542 12
661437 13
706406 12
779259 2
853510 3
210195 10
879617 13
430247 12
413541 13
777452 4
585916 12
124395 13
648316 6
272322 5
238631 3
19344 5
458003 13
789878 15
35146 5
907592 8
961494 8
566700 12
721039 2
41395 2
894127 16
932705 16
695495 11
711227 9
542038 16
247200 6
23639 9
532951 11
183725 3
230792 5
645648 2
96366 16
554531 13
649317 9
911081 16
830874 2
141329 2
635843 14
50576 2
761031 2
636806 5
501450 4
620486 8
500987 5
339678 10
426657 5
322925 13
266276 11
845451 10
622256 8
85017 16
46021 9
936956 7
424225 1
159308 11
424114 2
448124 5
760546 6
831230 14
884678 7
67253 13
236466 16
396451 16
315538 9
660943 11
847047 15
59190 8
132541 15
718348 5
358947 3
566189 11
321946 3
644445 1
568533 16
200327 9
675940 8
864861 2
54273 9
6376 16
851302 6
106346 9
818797 14
985003 12
167559 10
358947 1
544288 9
920630 9
329869 2
591379 11
98292 10
202255 12
855957 7
76589 16
694482 4
590564 2
910513 16
515223 5
823112 15
986037 12
121929 10
343406 15
986866 3
373423 8
269331 7
237290 12
779668 14
800319 13
350674 5
681551 8
274091 11
592222 14
13052 13
676428 14
51089 10
946268 6
910866 13
974746 14
751445 14
326435 7
130200 7
782464 7
533212 8
905121 11
74837 5
809304 1
977434 15
88782 12
976076 16
602901 11
613660 12
728800 13
101001 9
403149 7
112708 2
371728 16
858921 9
860209 10
864923 14
624808 2
784625 11
193217 7
131201 6
398798 14
612777 5
262243 2
891167 16
265709 1
452900 4
10689 9
647384 5
169617 12
472923 11
135119 9
347745 3
615415 3
934937 1
216389 16
621667 5
806365 15
60403 7
470362 8
50857 7
113616 10
981533 10
673313 13
382510 4
328217 16
739324 1
264618 1
661503 7
598159 10
959621 6
431096 7
682293 7
912055 16
359187 15
940964 15
341558 3
420557 4
475539 12
82324 7
931228 2
811039 12
629860 2
115356 7
296577 9
770998 2
460790 5
382803 2
364872 16
789629 16
257076 15
9278 11
533779 14
197677 14
688542 12
610675 16
417651 5
68775 4
739248 1
51287 3
674625 15
870087 4
696975 14
44419 2
363916 16
219460 11
719585 10
37037 8
2847 1
566681 10
438356 2
358027 2
978659 14
951041 11
702924 4
881842 3
220021 15
404995 16
162756 9
820191 5
38998 6
349173 5
50541 10
885128 12
752423 6
385828 8
695875 6
263206 8
391791 16
407126 6
565301 16
667070 16
119241 1
579479 6
388691 10
855512 16
855344 11
974444 15
616565 14
664898 15
54235 5
827875 2
911698 16
947414 14
881337 1
391842 10
882252 1
446309 8
584702 14
298979 6
210178 6
718528 7
551310 3
608450 8
552020 15
83296 7
398470 1
776186 5
961120 2
132611 4
715313 12
899944 6
283062 3
547443 15
276785 9
322401 3
618638 13
55373 16
106481 6
950036 9
192181 15
339707 13
465715 2
278240 9
745091 6
992333 6
459748 13
298160 13
61826 4
807007 10
283554 9
801757 10
878491 13
622571 3
769266 7
88200 9
640715 16
355768 9
496935 6
936739 14
715205 9
976971 7
481978 7
308159 2
708372 7
442298 16
748907 14
209604 7
343748 16
347768 8
379980 11
154156 16
243814 10
830032 12
73548 2
489405 4
553107 6
85101 2
931170 3
131528 16
953685 9
359521 8
234661 8
850001 8
787195 15
653327 5
862279 10
143295 11
308207 3
835049 3
201638 14
822544 11
63983 14
392680 10
675386 16
823834 3
568747 12
672351 14
191177 13
846325 7
454858 10
11878 7
309278 4
662767 1
855255 16
179825 13
74880 9
938245 14
524279 5
527428 15
983188 3
301045 12
272464 12
853166 4
589445 12
566863 15
163377 4
607403 15
994775 14
234818 8
403895 12
7071 7
609105 9
74422 11
887118 13
337762 2
304075 7
359927 16
320972 16
491984 8
357298 13
958665 7
5012 9
420271 12
766719 11
661420 14
467190 1
860545 11
997855 10
945109 11
742115 14
830847 3
178705 3
517995 3
769055 5
416382 11
421939 8
986638 10
340944 2
441432 7
210034 8
447930 10
764396 1
935784 12
829909 15
179517 13
567581 1
881811 11
302593 10
846858 10
57552 13
610238 15
968597 5
341487 14
951535 8
16916 4
211055 10
41601 12
526713 2
740844 16
800419 3
5851 12
493804 3
800333 1
595924 7
554074 6
25570 11
121141 16
573180 11
212306 16
808727 10
736882 7
184282 16
352775 7
827345 7
191150 16
244768 7
995261 1
765698 16
219876 11
595783 6
470581 3
743862 7
791841 6
60338 4
296454 5
980757 5
642421 4
564740 3
843128 5
311025 16
127362 11
325020 2
657845 8
460115 11
937685 1
452587 3
977274 15
845593 11
597410 11
353888 14
202179 5
712305 1
505509 4
464015 12
551816 3
791828 6
983290 6
521949 7
971362 15
627017 8
53997 1
210029 4
257518 8
735186 1
530182 8
891532 5
773191 12
871315 12
869392 1
695011 4
564127 6
144589 5
284238 11
400225 10
835715 12
477004 1
51305 15
280871 5
771969 1
823956 16
137725 4
259790 2
209257 1
103982 6
529197 11
572741 16
835634 5
490138 13
38800 11
230220 6
510546 15
683265 2
528880 14
197502 5
259689 1
463671 14
429616 11
743835 12
191868 3
22346 9
181484 7
232069 4
475672 16
649965 3
418592 5
231698 11
121230 2
298455 11
506056 6
334352 4
458707 13
546960 10
828113 8
337169 6
450739 8
798208 12
68254 13
336719 9
131665 13
570589 9
220443 5
293901 2
84295 12
217989 12
785445 9
841304 16
135767 2
705226 6
570100 13
30772 4
222281 11
973877 1
58016 7
99302 15
809139 12
223318 16
382082 15
355882 14
333228 10
571073 4
854111 12
656813 3
485848 11
910262 11
878038 16
334250 16
13759 14
663515 6
644789 2
654051 11
206179 8
30791 9
482713 6
989297 4
290714 10
627366 3
573626 11
697129 2
460534 13
486089 2
21489 11
64295 13
219504 4
810511 13
684834 3
668235 6
675573 10
927662 9
977920 12
201296 5
520620 3
584732 13
434609 9
77497 9
859324 7
240929 9
78444 12
2939 15
600973 1
690477 15
6330 4
780730 2
550537 12
879395 14
774436 15
321493 10
279724 5
406174 1
709319 11
124096 4
725126 5
870856 13
29229 16
460001 6
520825 2
526554 2
337544 1
649292 4
127182 10
464553 12
898738 13
889312 6
552060 11
132407 9
286812 7
601587 3
539942 10
412376 13
932904 9
778679 16
536761 10
160331 3
643116 15
682733 6
766937 9
386957 8
583847 16
60462 9
886796 3
738580 5
241822 13
841785 11
978277 9
224059 13
489642 4
4356 8
997848 4
311683 1
721518 9
511114 14
453390 11
981603 6
305816 8
598527 2
483185 3
915883 4
679825 10
197531 15
902196 2
209125 6
725783 4
515883 1
179632 7
926192 4
566779 10
359065 1
732741 15
282605 7
597389 10
5957 16
814048 3
422464 15
378975 13
935876 2
254277 3
278636 9
709038 13
667741 6
24813 2
31258 7
613449 13
732188 11
571346 14
319163 14
702186 11
951799 8
899121 2
568919 6
336035 2
312851 6
963391 1
882755 12
443717 3
474365 6
977831 6
852689 9
584952 13
806409 12
425390 4
14390 4
256100 2
410790 16
95173 2
254862 11
422629 6
65481 1
573579 16
684762 1
810938 2
397598 5
35180 15
753384 2
858325 9
745659 7
242678 13
739496 13
808071 3
961603 3
352137 15
543443 7
922553 3
568715 11
20690 5
570976 4
723416 12
415775 4
896936 10
296258 5
878553 8
449105 14
978319 16
937804 10
531076 8
947084 1
746613 13
144358 3
739969 1
603333 3
115889 6
549654 12
165995 9
211469 7
320236 5
538823 1
14732 8
594416 16
864533 16
368550 3
394797 15
962549 15
536990 1
725246 2
712207 3
157750 1
744844 7
281399 16
952538 7
67970 12
487008 14
916927 7
100728 10
654896 5
30853 4
527866 1
383210 15
615232 12
879068 2
365049 12
758311 5
733120 3
123154 2
59908 12
151771 12
673341 10
856757 13
360933 4
65365 5
748062 4
80191 9
973013 11
633058 3
188041 16
937911 10
567968 8
278929 8
387286 8
585428 15
66177 13
850138 9
852106 13
94731 1
945774 16
787890 14
831005 15
733357 16
290730 13
553871 1
69474 15
720278 8
308897 12
349042 14
642161 9
9303 3
618048 10
968723 5
60417 4
157758 3
874721 4
277709 13
803675 12
149969 4
407717 13
510256 5
138247 12
298545 2
205068 13
923440 13
186332 13
633522 7
807843 12
279462 4
995018 1
307941 8
40390 9
295048 2
393486 7
405381 5
878532 5
240384 3
21717 7
706897 8
603772 14
961202 5
341271 5
944998 14
162231 14
975816 15
382186 11
852152 8
980784 14
424596 11
835332 2
653849 1
792352 6
654653 1
33799 11
892354 13
177736 12
175325 14
623361 5
336883 11
46001 4
181401 5
833630 11
39713 13
938204 3
559228 6
264866 1
482676 12
943512 16
183198 13
50818 16
620297 12
555367 9
147278 8
249187 7
100336 5
585067 12
139321 15
52297 1
940835 16
302510 9
888500 15
610184 3
981557 14
459344 7
142896 1
340042 8
691593 3
590330 10
101176 4
417519 2
122480 14
673175 10
628900 16
996661 10
756803 11
776150 1
128681 6
152815 7
266121 11
856259 4
605111 5
337518 6
849135 13
494877 16
842569 9
462826 1
578781 9
836393 11
471986 10
709450 9
363666 11
955002 2
577340 9
734546 2
856181 15
132083 8
132265 5
587406 8
863644 3
921910 14
565708 1
214149 9
776472 11
691897 16
57373 3
78691 16
170431 15
390959 16
124749 11
950070 6
663394 5
226566 5
849771 15
726167 3
113442 3
241745 13
549712 3
132938 10
708799 3
685524 9
25035 9
728718 11
943538 10
713070 13
625004 10
897929 10
340012 11
962545 7
112702 13
645229 3
892769 14
779280 1
476193 3
525187 16
209319 7
617462 14
877606 6
788184 6
821379 9
146232 3
366280 5
738117 2
912161 4
525929 15
97171 14
628200 12
481573 12
67730 1
910977 1
301627 3
189173 11
34292 1
778761 16
169544 14
120096 10
541149 10
27585 13
324720 6
282000 10
913548 14
893709 1
904477 5
49196 10
259979 3
185066 4
206638 10
775868 2
846934 2
411003 1
677429 1
633544 15
135534 2
350863 6
419686 4
858815 4
862701 10
271157 6
886712 11
872318 6
265030 5
888182 10
253925 12
462029 16
804006 1
471847 13
896439 11
408700 4
78550 5
445002 4
11989 7
589990 2
193311 9
921623 7
63985 13
101192 1
74205 13
750103 7
864821 15
511270 9
452101 8
401553 11
803987 12
157398 3
348982 8
929317 13
833505 9
885756 13
665359 9
189458 13
331928 7
206184 12
825583 1
930220 6
531301 15
740677 4
64300 8
362321 5
331414 12
344581 12
911610 10
679695 15
643701 11
832477 14
485293 15
626603 6
189411 7
235453 14
867723 10
209517 16
85382 3
758683 1
996275 9
470838 16
233676 11
270590 13
259502 12
521337 3
240662 3
663849 1
863090 6
983578 4
820811 15
278179 3
722825 1
803616 14
322254 3
555005 4
869173 16
107656 6
156053 12
617907 12
645536 3
551653 6
203582 12
801570 11
272447 4
717992 10
9254 13
479401 11
428655 10
38652 5
628013 8
124344 3
132208 12
383877 11
908403 15
831710 14
22859 2
698740 5
898784 5
371955 7
553161 10
559355 8
626942 5
389067 3
859793 4
492990 13
245533 4
182806 15
1870 7
56351 6
393600 10
192244 3
698362 5
641667 4
780178 2
263857 10
706567 14
350862 5
408519 16
541374 5
853708 2
734002 1
289050 3
412075 12
251810 1
939135 8
753613 14
236146 1
413662 1
915427 13
396425 5
99445 6
252904 12
216398 6
94090 14
910343 8
421551 9
558960 14
689392 12
801055 12
6498 3
924838 8
351687 15
36237 16
739182 8
876246 11
367009 7
30514 3
497456 10
416476 5
287667 11
427669 10
455478 12
274271 4
637833 13
482838 3
715945 15
875682 7
930314 11
564673 13
221086 10
189219 10
500696 7
29526 10
437623 10
868509 8
277561 4
251459 14
428877 15
472744 14
469520 6
74076 16
68056 13
697341 6
551174 10
489652 5
492526 1
862034 4
747232 1
182456 16
56182 2
265958 5
666838 11
889547 5
114548 7
356361 12
402695 15
282532 13
655116 12
839345 13
219073 10
501325 6
804052 9
943350 16
331101 6
146308 1
206196 1
823383 16
404560 2
584647 14
294011 14
778359 14
570468 2
424119 12
716764 3
829314 5
720573 14
351895 9
852359 11
972461 14
496153 10
809194 3
323122 16
236067 11
704653 14
231480 3
222121 3
127926 10
672112 14
399288 14
653173 11
730446 16
588123 5
204796 7
654761 3
44321 1
117216 16
163388 9
499202 2
870322 12
268111 9
688688 12
89252 13
685136 9
419311 14
642170 10
18853 13
112189 15
673809 6
242896 7
897949 4
686681 12
343570 12
544868 9
134794 4
215603 16
852397 10
805958 6
421832 5
532194 8
400969 3
300351 8
597069 1
612257 15
680057 6
280536 4
421227 15
846409 14
361811 1
208293 11
678201 6
404546 5
92778 5
117811 10
616959 3
434740 7
207757 4
550570 15
953849 2
829909 12
50701 6
578249 9
209696 7
292833 15
732188 15
254842 16
487841 16
585574 8
984202 8
99159 13
440279 8
418129 15
462921 12
914959 5
455818 12
454014 10
963875 13
478076 15
287869 12
183055 11
784316 5
584756 13
167578 4
775586 12
272232 13
194314 2
204203 6
682858 11
423592 9
113537 12
806392 2
678779 2
769833 7
428529 10
782783 11
779146 14
164825 15
476973 8
548189 11
260619 10
910536 15
773962 16
74649 10
713550 16
779422 14
439071 5
752140 7
403189 16
898599 7
428879 11
23012 16
501163 9
714586 10
548993 3
491421 7
595146 1
533291 2
667864 3
237637 3
997667 5
943513 3
201128 4
632275 12
619842 6
747439 8
538575 2
128803 2
563190 10
548333 15
893193 8
466852 15
200249 5
617943 7
63612 1
518554 15
187449 7
566993 16
938038 7
698642 13
438760 12
595027 12
554281 10
164321 1
604674 15
740394 13
471178 6
557892 5
690633 11
214066 5
839706 14
365849 11
395538 8
932718 5
195179 15
424357 13
113046 10
551835 11
343418 9
869527 15
236702 10
140158 7
448613 16
732448 2
183761 10
682363 14
355531 8
498109 11
139103 7
1139 11
688810 6
448814 8
365376 16
327768 4
141355 16
591904 8
172891 2
11332 3
791977 13
891115 1
949139 6
664439 10
306159 5
265038 11
430416 13
228842 9
288154 15
937311 6
646059 7
351440 13
667153 8
727306 6
708283 9
139842 5
431602 14
276915 3
688809 10
717721 15
328588 7
167522 6
675492 15
317765 11
496044 13
340190 15
589999 8
338042 3
255358 3
100218 10
426425 7
429886 15
321617 10
761804 16
228192 7
640156 8
853800 4
720644 8
659601 5
415376 10
473778 3
867482 12
543359 5
983265 5
245072 10
479479 4
472580 12
962341 1
643783 1
138269 10
183348 16
530278 1
371135 3
71108 10
811042 2
315838 8
969026 13
981886 15
171130 8
655318 2
962871 14
572012 9
702749 9
110356 11
811895 10
197419 1
614612 15
885768 15
796332 11
972460 11
110409 13
377277 15
475339 16
613419 7
5363 3
250105 7
385204 2
939976 16
398245 5
864092 14
412568 8
796165 14
507309 11
852646 3
285895 4
252605 15
588963 15
952997 1
17088 9
3197 2
790670 7
67768 13
359378 4
171489 13
952316 10
13334 7
989727 8
735217 9
859261 4
949849 13
904760 2
688083 10
716906 4
868798 6
725023 6
318032 5
443366 8
179485 1
279734 16
74189 1
759287 2
273256 13
343223 1
624645 10
873027 15
266478 14
444634 3
451014 15
174052 8
46427 16
119803 11
294744 13
501005 12
360359 4
180259 8
189038 14
327853 4
529902 15
391971 1
502200 10
978612 5
811865 11
251797 2
644641 8
35030 13
735529 3
322053 16
735281 2
385230 13
5388 4
424816 2
10885 7
880920 11
958584 5
972861 11
893989 8
595165 16
219596 8
127207 12
54319 12
511526 4
408949 6
533375 13
210928 3
22411 12
515375 11
463657 2
484471 8
705885 3
822612 16
120299 13
749081 3
109672 4
86847 11
107867 16
550640 14
508389 1
164823 14
162826 12
249174 6
210064 10
472044 8
864657 13
452485 15
869195 13
218300 9
999849 2
82676 3
809622 3
664551 13
661237 10
49703 15
827499 11
28721 7
315621 13
542847 2
621142 9
505799 13
863558 8
90931 14
74550 13
920437 10
888096 7
779684 11
58513 7
473267 1
509838 3
503197 6
930071 7
954744 10
655253 4
311247 10
712353 16
731654 13
856751 4
244490 4
780515 2
936678 16
175773 11
868432 11
999521 12
614637 10
485993 10
55151 16
582024 16
971551 6
255822 7
326120 1
744259 6
690285 5
710621 7
140137 16
699934 11
283068 1
784262 7
216806 10
448147 2
875603 16
5384 1
819508 1
673412 8
824514 13
408814 7
135369 12
428763 9
286608 8
134159 16
188069 3
406935 14
363975 2
146671 6
520410 2
997670 8
824861 10
267248 3
638415 3
389564 3
444004 2
731630 1
195395 7
728331 4
785393 14
256605 9
746746 2
28511 6
38754 15
467429 5
874380 5
515946 12
717208 13
555922 11
844313 13
870885 1
955173 10
779667 14
131214 15
523166 16
154521 16
152057 14
101179 9
662847 6
253751 12
623567 11
86727 12
853634 7
173079 7
443510 10
929640 1
551753 13
744925 8
564867 6
905628 12
328106 1
462119 8
909326 11
315104 16
700529 15
92652 14
453559 7
806186 13
517209 4
228265 7
978492 8
993199 15
490978 2
925538 8
439828 3
597538 12
306964 6
212374 15
266083 8
674463 8
35647 1
585075 12
857364 10
947003 4
449261 15
180054 5
661255 7
128351 12
799321 16
728836 6
678198 14
821460 10
77239 3
13514 16
752110 11
714720 13
36466 4
769432 3
706318 8
657317 14
227441 4
160741 12
776126 12
778354 5
197247 5
27810 15
989360 11
523273 3
914061 11
254552 3
211454 2
768920 10
794174 6
440306 9
87245 9
23069 1
850512 8
517303 1
141076 10
67318 11
477905 4
235616 1
739373 2
310694 11
210105 6
607715 10
453922 13
692322 7
792537 15
909280 1
386976 4
474582 4
255857 12
429329 5
512453 16
426111 4
870420 11
961464 9
705180 6
501951 10
937809 3
260313 2
808326 13
308421 12
316243 6
836749 2
999843 5
663675 14
614124 12
277908 7
35088 7
121093 13
964778 6
361082 4
938302 1
96992 15
471089 16
468789 13
786481 2
210183 6
297614 9
936280 4
789878 7
666918 9
969891 2
472122 10
426072 10
44264 5
403867 6
787649 5
535736 3
976164 5
772906 14
274761 16
949425 6
382768 7
311790 6
644221 15
772688 10
404657 3
50097 4
226492 1
28718 15
531715 12
849304 13
494757 5
145185 12
868529 2
289553 12
639639 1
444241 8
336362 9
56513 9
629670 13
623952 10
48543 3
517134 10
336670 10
576037 16
182385 1
881094 13
317544 3
530314 13
149905 14
940832 16
450494 14
581974 4
178494 16
61720 15
228740 10
853725 11
432377 11
39044 14
603349 8
970170 2
172460 5
736619 7
720087 12
16940 16
71569 15
531369 9
466606 9
115869 7
235789 3
610807 15
729254 9
17361 7
469789 15
395369 11
589415 13
392548 11
279531 7
820165 10
110416 9
492250 14
643161 5
104206 15
512851 7
686674 2
816371 6
815064 16
340383 6
906150 6
969859 8
769023 9
466176 8
360424 6
362559 14
887497 16
381238 11
142586 14
477768 6
948176 8
674223 9
499097 9
357486 13
74536 14
358984 15
227852 5
223794 8
204877 11
339366 7
877297 5
445260 13
584616 7
149496 8
763516 4
499955 14
97829 13
861828 12
990568 9
642597 9
440927 1
700645 14
546656 15
7304 16
938953 9
983982 3
868682 7
866183 9
5889 5
129980 9
720781 14
923305 10
562328 9
162326 5
855929 6
184779 2
829947 14
758127 7
721860 4
208877 8
84038 13
399676 8
548175 4
278274 13
964379 10
832353 13
808465 2
372165 4
77090 13
467911 6
19206 8
258577 11
232623 4
789237 1
915017 8
766861 8
764811 11
98349 3
267411 10
38658 6
348754 9
142066 4
11531 9
437566 13
728800 12
407889 6
747878 16
671350 10
367638 4
965128 8
604577 9
706071 15
245427 7
366306 12
888538 2
420590 5
920158 14
513689 15
519767 14
269668 4
537461 9
101528 12
872611 15
990496 16
440222 2
299315 3
603891 15
721821 15
707768 6
616189 3
514494 13
14002 13
628711 12
256574 15
578837 13
800780 13
328603 7
780054 2
707240 5
878966 12
698911 15
375614 14
160916 16
929473 1
372628 6
510739 9
608170 1
731233 11
50910 11
988085 14
231493 6
235590 16
169249 3
575894 7
642288 1
556844 15
108435 4
357409 1
397033 1
857417 2
25593 4
838576 9
756715 2
685594 10
339719 10
725275 16
88697 15
704942 16
578041 9
684724 10
804677 14
854094 14
704152 14
320289 4
474211 4
749165 11
973464 6
707580 4
142082 14
262795 4
269548 15
4196 14
839152 11
829273 12
370158 15
689690 8
101644 1
920682 15
470929 8
3548 3
418779 14
696083 9
398736 3
666800 6
656771 15
464205 15
492738 1
177317 4
399372 16
598037 12
13600 12
269932 4
737983 9
164021 13
622439 5
112600 7
547369 3
437121 2
612205 16
758841 12
754583 14
639473 14
950272 10
807909 15
998515 1
526513 6
619962 1
243061 5
328237 8
383973 7
113559 3
593250 4
999778 13
56942 10
551527 8
103183 14
185298 11
692248 4
968217 9
350189 10
975646 15
248892 3
464183 7
821517 9
168222 1
619095 11
191922 6
119987 2
117363 9
602256 14
191503 4
858063 15
893916 10
613295 14
134807 15
565504 13
348365 10
455272 8
770615 14
628060 1
248361 12
780962 11
621540 12
106136 4
619899 6
237273 15
363506 3
375818 16
33528 8
669064 6
926677 9
903862 8
174612 11
972786 15
991780 6
494349 14
339443 14
160891 11
716497 11
715935 5
342769 2
570649 16
868890 16
519635 1
941297 10
130155 16
714202 11
44481 5
802360 11
692121 5
740532 14
249118 3
298004 6
550268 1
222194 12
687859 13
168561 16
390771 7
706546 6
40604 15
245488 16
234640 16
471825 3
168909 15
574387 3
735018 5
550965 3
817372 8
941104 14
951891 16
454955 7
821332 5
417142 9
655179 7
956008 8
28043 8
105786 5
334349 6
565299 2
387732 7
870721 4
392603 5
143944 15
149783 7
841542 12
734930 13
371079 12
229672 1
795573 15
559985 10
941872 2
290292 11
825318 6
669414 14
624828 12
28646 2
906737 11
473460 8
437962 8
805618 5
377507 11
577956 10
974559 7
285303 13
530241 4
431450 11
175060 14
414014 15
734676 2
78685 15
467847 12
353223 5
451272 14
377883 11
997069 1
42722 13
196720 5
342561 15
52506 9
699632 13
930420 15
841648 12
727790 1
211510 11
758699 7
142975 3
928729 7
967316 8
30413 16
861757 6
319603 12
62287 2
374547 1
200000 4
270999 16
724785 6
827669 2
443436 9
416040 2
168631 11
961951 15
207891 4
147904 16
800780 11
558395 3
544089 7
40495 14
579856 6
496752 3
794419 11
840107 8
498621 5
862824 1
840772 13
472349 15
883830 3
457524 9
158706 3
31772 11
841418 6
797587 13
447341 10
274069 13
543628 1
244451 9
600785 9
164348 8
650267 4
403695 3
472818 9
850239 8
965445 11
595832 16
418911 15
630698 15
945774 11
395234 12
584775 6
431079 15
538863 1
272862 13
376158 16
127562 1
947177 4
221681 5
143180 9
363013 4
262886 14
973691 4
299236 6
534935 9
2026 12
568856 6
653931 12
588855 5
266704 10
510624 14
883458 2
835873 8
747455 10
67876 3
431325 14
951888 9
771477 3
640848 6
717179 8
220265 13
354651 14
16667 8
344813 9
563147 16
822310 1
735537 13
973062 11
759936 7
939713 7
684442 7
885797 14
740030 5
345699 8
837505 8
993956 7
52089 5
615873 2
828255 13
557645 13
586562 11
82265 10
193046 11
807911 10
655324 4
276506 14
201702 10
150478 11
791580 1
479399 6
863699 12
550771 11
966006 10
248099 13
859294 6
909080 11
138069 11
970604 3
790341 3
469753 15
17813 14
274869 8
508813 4
737569 5
468499 15
545165 1
930879 2
956630 16
834228 16
80502 11
492851 15
442087 8
173509 16
805547 9
439060 2
36168 2
627806 16
733766 6
695614 7
834468 6
86849 8
198915 7
744015 6
787283 15
382665 7
338474 10
668029 9
105212 7
197601 8
997753 6
596393 11
179051 1
261653 2
169296 16
737366 10
950843 15
313069 10
935703 6
855864 12
148234 1
485055 11
859978 2
142179 3
940564 2
509304 1
785259 3
458349 6
624668 5
695528 12
131461 3
307015 9
696592 9
588988 13
769593 9
249227 2
897154 5
453511 9
111488 6
202541 4
306470 8
61812 1
447964 1
874691 11
73224 6
909114 11
455981 1
657084 9
936012 12
658133 13
300363 15
48841 2
654748 4
668987 14
757223 4
162986 9
221719 7
311184 1
844194 1
851341 7
251804 5
94175 8
667676 9
353889 11
338553 10
402275 16
48355 15
257846 13
515621 2
248893 1
829893 12
569963 4
45487 6
307030 7
625994 1
647193 11
809986 2
231327 2
649408 5
198908 14
643945 11
62341 15
702270 1
824213 4
391051 13
352345 4
942725 2
189975 12
822261 14
586537 7
423980 16
689329 9
678735 5
682168 16
405051 11
255887 10
755469 1
467455 6
214951 3
358299 11
685587 4
617658 11
803251 9
513144 13
840689 13
872286 11
689935 8
310567 8
813137 4
116655 15
801907 5
792454 9
853658 11
12080 8
657766 5
758327 8
282994 15
801749 15
562285 16
682404 8
170748 1
981200 10
941790 7
233926 8
700861 6
639261 2
332725 9
620585 14
4041 8
508596 5
942126 16
707587 7
213113 2
51960 2
916068 12
254936 12
336287 1
727512 9
892691 3
183454 14
243070 11
649768 6
143899 7
211384 7
529547 13
219815 2
175125 7
928038 6
845247 3
863549 6
285943 7
342166 11
53624 7
838961 4
51967 6
650572 12
277128 11
820333 11
870925 14
919176 12
128820 6
35874 8
11280 12
258662 7
160174 5
602311 5
104689 3
785516 5
430555 8
113591 10
645864 6
713821 5
803551 12
793909 13
481911 9
989811 14
389976 7
460255 12
386668 11
447264 16
762395 4
685262 10
813154 14
711302 11
554545 15
308745 4
980639 15
20634 6
953401 10
59197 11
820846 6
829834 8
744222 8
981109 10
126055 3
621355 8
240402 7
761608 14
830912 4
492238 3
849457 10
536395 11
27876 1
357436 13
390900 13
793314 12
796587 15
231919 8
417446 2
115019 3
975004 2
389796 16
578561 6
929214 13
788788 12
881924 12
178217 13
808488 8
692828 1
169774 16
546657 7
54656 9
157324 2
892409 16
247743 6
649964 16
438938 12
259138 11
543681 1
891097 2
379517 4
89454 16
407967 12
954873 14
117007 14
480749 9
344925 5
530332 10
699651 1
745801 13
721490 3
210682 7
846581 1
406116 9
79405 11
882197 8
457700 8
568619 4
345396 15
258670 2
482378 14
289602 16
417223 16
676835 3
450065 4
456151 3
557165 9
905423 7
251525 14
940693 9
394914 12
793907 14
853559 12
2649 9
458467 15
960250 16
820828 6
906175 10
838273 1
971765 4
288921 14
840951 15
761271 5
617835 1
50749 9
601180 9
824297 9
658036 14
630591 15
882010 11
42897 15
464635 5
745136 14
500321 12
741727 12
383369 14
650239 8
765998 15
377450 13
766914 1
819056 4
330332 9
694148 12
117567 3
321432 16
742549 4
88076 3
16121 6
524073 1
392532 8
972300 12
258925 5
888601 7
951931 5
237939 13
652958 10
520935 5
453949 13
750064 2
843396 10
810108 5
316861 9
770041 6
629404 5
312621 7
400906 15
338739 10
442166 13
236164 15
63525 7
295263 1
276080 9
906333 14
357585 7
553367 11
765067 11
91677 15
420489 12
95561 2
253894 8
27099 5
395226 16
925023 13
49026 15
866806 9
209380 11
226324 5
689856 5
742069 8
54645 10
882906 5
79395 12
626757 8
291283 5
267645 2
476233 11
693978 5
354176 10
633198 6
507274 2
549122 7
821396 12
817614 10
24429 12
266522 3
292169 11
993437 15
845118 11
797877 9
929268 1
997070 10
624113 13
738498 3
847719 6
687750 14
444943 16
390672 8
134954 4
598587 5
265555 10
114153 1
385718 10
136759 13
266192 11
366951 15
39937 15
609683 4
259139 9
642238 7
586051 11
411070 2
9232 6
893116 16
270512 3
122893 4
995198 5
891072 10
996062 8
423775 11
733095 12
669423 5
815947 13
590252 10
902055 8
449819 9
448156 7
469773 15
35419 13
156238 1
291328 9
609279 5
732740 9
405903 5
357842 7
762733 16
405634 4
341139 7
959812 12
714380 1
62027 10
765030 13
141288 3
871526 10
487293 5
200646 9
84970 8
151967 16
139376 14
558669 13
682992 3
474984 6
904737 7
834215 16
870886 13
822246 16
998082 4
514877 12
941866 16
274757 4
584708 11
748874 9
223494 12
52404 13
213335 15
467907 4
399019 1
260489 16
533327 2
96485 7
678116 16
424603 8
192586 4
842385 13
736561 13
490136 13
789987 3
534093 15
23999 14
830949 7
511209 3
582514 14
344680 8
43412 8
279064 3
829239 6
853827 2
770103 16
326812 5
813962 11
421171 14
447313 14
406533 16
376998 2
286877 7
829913 3
854290 15
405363 12
168763 3
118288 14
496935 2
611582 9
491673 7
100353 15
58383 11
390703 11
393022 15
865312 1
157922 14
196857 3
563450 15
439464 15
941996 4
133462 10
802102 1
24744 9
673011 11
302828 3
214667 8
948791 8
363478 14
637397 4
193445 10
571548 8
13475 15
973654 14
346593 6
649562 8
25347 15
714228 9
210435 10
949724 6
578771 2
606935 5
313166 14
936032 1
539928 8
216638 13
710151 14
445688 15
737574 11
253721 5
88342 10
736064 12
827841 16
111253 14
268363 4
247640 14
735108 2
871713 3
421871 3
21628 3
635886 3
91219 4
530362 14
63330 12
656814 7
875540 10
328650 4
811483 4
378040 6
369295 1
74883 5
983128 5
916968 6
163388 12
948946 12
531109 3
963781 6
155262 5
522451 11
843627 1
604090 1
174468 12
58852 8
379646 6
673826 6
815258 7
939074 3
775500 3
60665 4
443630 3
898672 14
460757 12
665703 12
227620 5
404198 11
640011 11
898752 8
834180 8
86014 13
184365 15
704012 5
952695 5
474697 3
113134 7
932582 1
558362 1
693564 11
862057 7
509274 14
903302 10
109417 8
633120 1
356046 12
501478 16
881542 15
687296 2
138370 5
369090 1
396877 5
9775 16
968027 9
762532 14
465418 6
317112 13
173995 4
971985 10
611748 10
737604 14
582480 9
601860 16
678471 1
660431 7
126431 8
927135 3
843501 1
859740 11
581047 1
507122 12
539719 1
927788 13
363323 3
270202 7
887681 13
262134 5
31643 14
587549 7
381299 12
960633 1
141243 16
129813 2
750269 1
303774 3
152311 5
142906 9
84397 8
415428 16
162406 9
33881 6
230073 2
326090 6
200025 13
959974 14
824170 9
463004 9
599069 15
495207 2
843383 7
754278 13
471026 16
62934 4
522967 6
671727 2
163547 7
775222 4
840326 7
213372 7
374005 8
37623 10
210221 7
32592 7
444474 2
699403 16
637021 10
220362 1
716690 14
679358 11
469806 9
8268 3
529492 13
148741 7
548358 10
522600 8
113985 16
111424 13
785610 13
625660 1
857678 2
257130 7
26451 2
210566 13
46867 4
558828 13
238541 15
538216 9
622242 11
275100 7
123809 12
213721 14
10645 1
111233 12
149671 16
775693 11
903034 11
889227 8
900401 8
755089 11
469248 10
783896 2
715585 14
475290 7
238705 6
582063 3
585960 4
195889 4
614181 12
263209 6
955165 1
461388 14
345701 10
727786 10
338341 14
861526 13
521654 8
529877 7
756829 13
675682 8
895476 16
972318 14
229957 13
422873 1
366431 13
586450 12
533195 3
953607 15
727784 12
824049 14
481649 16
886816 1
168607 9
818620 15
252922 1
96429 12
685990 6
41385 9
453431 2
416314 8
110464 14
626077 12
717280 13
53476 11
619487 13
605904 15
551760 8
992417 7
873264 13
476156 4
76775 16
689611 15
291495 15
124827 16
427579 12
911537 8
592215 16
533997 16
590716 6
262793 3
182592 12
174034 16
506767 16
710594 11
180957 6
53516 6
964877 6
782878 13
191642 8
545414 12
894830 14
217048 3
335405 3
282491 5
634261 11
159331 4
830382 5
514425 12
458471 4
699437 12
530861 8
666269 11
627215 2
863907 7
380794 13
928256 1
512859 1
543851 1
774421 2
897527 9
39572 9
952864 12
363645 2
920489 7
418602 8
130423 4
93662 1
784082 7
824335 14
976313 4
985569 8
287687 6
193339 5
444169 7
600225 8
912970 12
951197 11
103244 15
712937 12
236105 5
611515 15
770482 9
709526 4
262018 7
726777 9
897198 3
550450 2
937102 12
78392 14
493656 9
431887 16
209147 16
709978 4
321900 11
511714 5
616437 5
845544 7
121806 9
631854 16
32155 5
350989 12
314409 13
267789 5
568600 1
841561 10
913094 11
236805 15
980383 15
873602 12
259795 15
193795 14
236166 6
709313 1
550854 11
510920 4
150275 16
891795 11
194150 2
443245 16
422893 9
891607 7
324113 12
118561 5
899598 15
741475 1
627644 16
90237 3
389667 9
547611 3
525180 12
213815 3
907512 3
315562 2
854007 1
759794 1
303567 13
459981 7
685362 2
588941 2
165371 15
28512 13
205171 14
92593 7
710734 13
784024 8
644969 16
529041 1
522003 5
430583 7
152604 11
676434 3
876338 4
995376 6
985839 4
217981 10
35532 9
216869 8
250836 3
897922 15
603968 12
85087 16
516580 9
531273 7
169935 4
519517 15
520439 14
891285 8
836256 5
714034 15
594955 2
788418 12
468381 11
280417 2
774034 11
674818 11
869762 6
586284 9
618910 8
913294 6
909664 12
587319 7
804348 6
553715 10
385657 15
337240 11
695940 10
202672 13
28818 16
203870 3
803748 13
856712 12
243789 4
491889 15
107592 8
154088 10
171537 2
312452 13
245505 9
876637 2
520366 15
612656 7
751268 2
450652 14
578682 16
445191 5
171697 15
932867 14
665804 15
629411 9
104926 6
217775 8
536446 8
461783 9
385932 1
727030 9
574438 6
449584 11
949526 3
830206 15
817314 7
487245 7
292804 16
776011 10
267365 5
996094 4
351287 11
956331 7
147282 14
706205 12
589471 6
362547 5
149556 5
344286 1
4347 2
465808 8
76922 14
452234 15
709256 4
381741 9
504259 2
68537 11
592904 15
925758 13
146546 2
327552 8
320688 14
499569 1
814345 13
814863 9
296832 12
269601 10
153228 8
387986 16
637261 13
850673 3
55341 16
780551 15
435385 7
356705 9
52904 11
381918 15
798044 11
288607 7
909122 7
635863 4
927135 12
508061 8
121633 5
517843 2
247803 4
998823 14
240830 15
958078 5
145456 8
719936 1
122339 15
221243 15
709080 9
338317 6
7721 11
716510 2
316477 14
63115 4
109510 8
236223 8
553516 11
243053 11
106878 4
427474 9
325921 4
255676 6
903695 6
510338 16
302327 5
398394 12
983785 8
525932 16
548941 4
269094 8
128273 7
92076 11
607808 13
210259 1
527692 9
668836 9
37704 1
67236 13
734472 3
89210 7
147780 7
238595 1
764277 15
669563 14
267891 8
551618 16
441223 7
773365 6
130168 10
102760 7
514357 1
833210 16
317584 14
822254 11
541045 3
180536 4
302512 13
220031 12
414569 1
807776 7
483503 3
486828 4
238298 16
516623 10
665249 9
154916 8
569525 7
986060 2
258819 9
224497 5
542174 6
670088 11
23200 13
715231 12
210246 5
608540 9
812776 10
800585 4
323008 5
487985 2
968202 9
817860 10
658812 4
413338 11
232423 9
350953 14
457286 10
237622 2
259984 9
315523 3
901761 14
566159 11
978306 1
302064 2
252010 1
270147 11
605442 8
613274 7
976380 3
484690 14
883152 14
144327 1
396231 10
975796 7
161888 6
512819 10
234918 11
558055 2
730362 11
317070 14
413493 6
706135 5
800130 9
644823 11
815909 12
733073 12
133400 7
134343 13
220315 6
739760 14
138615 16
699767 9
755594 11
684695 7
886697 13
339992 1
244454 4
631997 3
823031 4
320579 6
407007 4
168286 7
31615 1
691268 9
771602 2
705972 6
601089 3
987965 6
614706 15
219284 1
224248 13
155514 9
697643 7
992729 15
160491 5
695597 16
833031 15
873821 10
97917 10
645364 5
341272 5
13716 3
641948 10
418784 7
488035 7
362840 3
955837 9
150833 11
58989 9
676520 8
496669 5
506554 5
279186 14
300473 9
803796 7
673656 7
280081 11
325816 11
574642 11
762379 4
74982 16
80623 2
871601 12
787229 12
613516 7
654721 15
823083 9
896739 16
553085 4
863496 14
882095 15
510971 3
818105 10
948693 1
38558 6
734746 7
982228 4
792325 11
153125 14
189289 15
673088 11
975879 7
395544 1
485593 13
39297 16
790705 9
202955 6
956084 1
339216 16
608059 16
650661 16
587851 15
840512 9
581616 8
830800 2
448014 2
205881 4
852058 2
494759 7
255438 2
551244 3
231800 2
959534 2
596422 13
172693 1
503499 7
622336 2
651045 15
832083 5
19280 7
646302 2
686967 9
567235 9
225620 14
205 7
993879 3
202699 13
201940 14
200491 11
988303 11
55395 10
983406 5
442554 10
242363 10
601239 9
619323 10
423893 16
151648 3
444135 1
194190 13
489796 14
830218 10
334598 13
808492 14
249786 8
461086 6
136682 9
570285 7
654766 4
883098 4
963248 1
856026 16
813891 5
470132 16
27252 7
524506 5
253816 15
24051 9
334460 11
804536 10
594638 6
496341 2
430481 11
84548 12
769546 13
37669 3
750166 12
947148 12
586244 5
275789 2
823218 1
47782 10
400541 2
852471 15
157746 7
480712 9
936818 1
865600 10
18609 7
799349 8
273669 9
141847 3
129535 8
928336 2
428583 13
286839 14
924230 16
337719 2
821458 1
452233 14
905200 13
748004 14
242702 6
68812 11
671211 9
208674 15
94173 2
514370 2
512132 1
251719 15
866842 15
397816 16
482158 4
254123 3
547828 10
427953 11
483904 7
995495 4
676819 14
984555 15
682160 4
193211 7
131447 9
640441 11
549210 3
302426 13
768210 7
948184 3
264059 2
53035 11
321738 10
558698 14
869668 5
173758 15
891592 11
66116 2
295458 8
519757 7
496060 15
450400 14
515582 2
103688 16
813015 10
688345 13
833376 3
733056 3
998944 3
457015 4
426224 15
537525 8
149239 1
991343 7
285240 1
660221 3
620301 11
554948 5
206113 12
55997 14
789444 8
513867 11
2722 5
953724 9
602657 1
209655 3
281471 16
908511 15
518665 1
639198 9
979422 14
47151 13
676068 3
178693 16
597118 13
342868 10
963654 9
826953 2
89369 3
642545 12
137829 13
955439 13
133211 5
207509 16
325459 16
920612 7
676068 13
17515 8
30216 4
786161 5
831956 6
977301 14
72407 2
230049 9
578075 14
723842 8
626020 6
384622 1
30961 11
431887 15
372091 9
171958 9
435465 15
370737 15
469447 14
346246 5
85866 15
368566 13
393727 1
12462 1
330339 13
782651 3
815345 1
244807 8
778520 9
114524 9
532807 6
391524 10
36414 13
390477 2
847833 13
609918 13
375743 8
235178 16
524011 12
834375 5
364096 16
855907 15
711406 6
299631 9
112828 13
51923 8
949177 2
432689 10
64331 16
136771 14
447125 9
963700 12
174717 6
291802 4
353637 6
720895 15
102254 8
657025 10
9367 7
611153 14
192358 7
676353 7
884208 5
191610 14
574155 7
538140 13
375332 2
456425 7
312733 1
490396 3
262008 7
379830 4
977246 2
848372 12
635322 12
702442 5
829444 7
68003 13
54488 2
106859 11
877403 9
70761 2
480015 8
260189 10
980996 9
509199 7
437409 14
405783 15
308759 6
68158 11
279875 9
500122 2
511300 5
22890 11
488065 16
87199 16
779614 3
179280 12
742887 7
492951 4
129011 1
71188 2
15003 4
468012 7
34452 8
177620 13
253615 3
292961 16
258844 11
880276 12
96288 11
30841 15
754589 2
469568 13
966461 7
889194 4
897885 2
155117 1
673028 4
526668 15
462216 12
131526 6
702404 15
222551 6
889773 1
236504 2
757034 8
520771 12
994426 15
290108 16
656046 16
936114 15
467881 4
578042 8
133468 7
659594 9
356269 3
853971 10
632362 1
608333 7
652720 4
929038 8
747898 14
875576 4
667431 2
16994 6
272168 5
588383 1
619779 15
962620 9
525083 12
259005 6
430382 14
865916 12
235621 2
16454 9
308992 6
772101 3
974406 4
10325 11
876126 7
791056 15
754868 3
845152 1
712207 16
262943 6
49165 2
24558 12
784594 7
999422 4
205420 10
899938 3
445305 9
287344 15
630093 2
341330 7
800657 7
505862 4
26783 13
122751 3
629900 13
141646 14
517932 8
721241 2
161461 9
727093 11
462592 6
504449 10
395202 13
840541 1
983189 10
752026 3
150746 14
530500 14
240699 1
200127 2
375220 12
405856 15
549264 6
847041 2
366412 16
450398 2
120593 4
406154 1
978683 2
204888 12
323089 14
840826 8
815187 2
160427 13
835537 16
505226 6
518154 14
660506 10
801483 14
725028 6
423345 4
204300 12
857808 12
83669 5
894882 4
769161 12
365613 13
566592 16
465709 3
130849 16
270264 13
331646 15
595910 8
872193 13
136712 10
806148 9
125745 10
110514 1
958828 1
881627 8
160752 3
522818 10
693277 4
903907 8
812047 12
668676 4
288815 5
400186 8
528001 3
569081 2
588864 7
699528 11
854828 14
631192 1
986273 12
970043 14
648857 13
945032 9
210542 2
75407 6
940252 1
508018 8
547942 3
658149 2
865533 5
772945 1
763529 15
955482 5
822113 9
321834 4
419702 7
327787 9
888959 11
575936 16
139335 15
600583 3
308741 10
262143 9
54649 9
670782 12
955289 8
309110 8
187160 9
745176 14
524997 5
340703 4
44372 5
869234 2
554407 1
53142 3
275438 12
277833 14
134729 2
209094 10
598214 2
874031 15
832729 9
219302 9
958385 3
264012 5
270967 13
3641 8
335337 1
367346 13
839204 16
312689 10
4251 8
222877 5
926941 16
627191 8
358123 5
984858 9
182847 4
516724 15
239194 13
634390 4
192630 5
510116 14
443272 14
580065 15
961067 8
200767 1
492798 6
251697 14
757422 3
59340 14
935469 7
569470 15
135030 4
482566 9
592324 15
546649 14
40364 15
755491 11
399579 9
472732 14
937110 16
745805 3
437376 15
244251 8
876658 13
120607 2
777009 16
129796 14
809945 6
732979 7
413952 13
435770 10
20759 6
999039 4
220250 12
37508 7
448186 4
567504 13
130855 2
354719 12
923763 15
363843 16
815720 1
306365 6
520813 9
180039 1
705405 9
203867 5
391189 1
481318 2
936732 12
309883 10
255151 3
170954 1
765434 4
146181 11
934685 15
356137 11
343560 11
899908 7
78677 11
978540 2
797340 12
637356 13
813302 3
180492 6
890727 5
179674 5
901386 14
416503 4
208637 10
726067 7
340597 14
886283 10
807629 14
546169 8
15729 6
882958 13
572730 8
202788 5
49728 16
492862 1
356626 7
984808 7
971145 5
16553 1
385615 16
706366 7
421443 4
469266 14
368220 11
765132 5
283614 7
196528 5
395594 7
620369 12
837214 11
687715 13
700485 1
669688 10
642369 2
458032 3
722809 2
945436 15
536866 7
973065 15
730724 1
63274 15
583229 16
682020 11
160185 6
931973 13
213223 4
598922 10
680308 9
173035 2
237170 4
521945 4
966197 16
965717 12
925123 1
134241 1
406349 10
771554 6
226935 3
351756 10
715358 5
396406 9
608016 9
40514 3
676278 9
939792 2
679603 5
638011 2
971339 12
649320 12
678163 7
871258 5
382484 8
420122 2
80535 6
810393 1
365367 4
227953 1
325606 15
81573 6
